/*--------------------------------*- C++ -*----------------------------------*\
| =========                 |                                                 |
| \\      /  F ield         | OpenFOAM: The Open Source CFD Toolbox           |
|  \\    /   O peration     | Version:  2312                                  |
|   \\  /    A nd           | Website:  www.openfoam.com                      |
|    \\/     M anipulation  |                                                 |
\*---------------------------------------------------------------------------*/
FoamFile
{
    version     2.0;
    format      ascii;
    arch        "LSB;label=32;scalar=64";
    class       volScalarField;
    location    "13122.1";
    object      epsilon;
}
// * * * * * * * * * * * * * * * * * * * * * * * * * * * * * * * * * * * * * //

dimensions      [0 2 -3 0 0 0 0];

internalField   nonuniform List<scalar> 
3780
(
2.02106e-05
1.34138e-05
1.25593e-05
1.22013e-05
1.17749e-05
1.11992e-05
1.04901e-05
9.70277e-06
8.93208e-06
8.32141e-06
8.04332e-06
8.1446e-06
8.53057e-06
8.9676e-06
9.13762e-06
8.74611e-06
7.79058e-06
6.45768e-06
5.01576e-06
3.73017e-06
2.82068e-06
2.27717e-06
1.92628e-06
1.71198e-06
1.58772e-06
1.52133e-06
1.49351e-06
1.49414e-06
1.51823e-06
1.56243e-06
1.62236e-06
1.69359e-06
1.77388e-06
1.86091e-06
1.95151e-06
2.04235e-06
2.13007e-06
2.21217e-06
2.2825e-06
2.30688e-06
2.76961e-05
1.69446e-05
1.53349e-05
1.4845e-05
1.44817e-05
1.39975e-05
1.33165e-05
1.24378e-05
1.14296e-05
1.04503e-05
9.71725e-06
9.30953e-06
9.19251e-06
9.18765e-06
9.00382e-06
8.36492e-06
7.26379e-06
5.87475e-06
4.45404e-06
3.24409e-06
2.42786e-06
1.9648e-06
1.68133e-06
1.51848e-06
1.43221e-06
1.39416e-06
1.38778e-06
1.40377e-06
1.43617e-06
1.48e-06
1.53038e-06
1.58296e-06
1.63363e-06
1.67794e-06
1.71135e-06
1.7321e-06
1.73792e-06
1.72809e-06
1.70082e-06
1.65147e-06
3.69404e-05
2.14251e-05
1.93455e-05
1.88999e-05
1.87046e-05
1.84019e-05
1.78532e-05
1.69993e-05
1.58401e-05
1.44538e-05
1.30513e-05
1.17956e-05
1.07889e-05
9.99773e-06
9.24512e-06
8.26606e-06
6.99777e-06
5.54737e-06
4.12497e-06
2.94812e-06
2.18136e-06
1.75859e-06
1.51144e-06
1.38218e-06
1.32824e-06
1.32217e-06
1.3472e-06
1.39254e-06
1.4496e-06
1.50977e-06
1.56859e-06
1.62089e-06
1.66061e-06
1.68125e-06
1.67772e-06
1.64877e-06
1.59843e-06
1.53737e-06
1.48037e-06
1.43489e-06
4.4495e-05
2.50219e-05
2.25311e-05
2.2179e-05
2.22342e-05
2.22384e-05
2.19964e-05
2.13959e-05
2.037e-05
1.89032e-05
1.7077e-05
1.51197e-05
1.32249e-05
1.15252e-05
1.00241e-05
8.59679e-06
7.06299e-06
5.48581e-06
4.0101e-06
2.81293e-06
2.05901e-06
1.65342e-06
1.42993e-06
1.33105e-06
1.31363e-06
1.34823e-06
1.41486e-06
1.49817e-06
1.58387e-06
1.66218e-06
1.73195e-06
1.7887e-06
1.82544e-06
1.83384e-06
1.80678e-06
1.74238e-06
1.64728e-06
1.53974e-06
1.44481e-06
1.38006e-06
5.07597e-05
2.77775e-05
2.49617e-05
2.47219e-05
2.50305e-05
2.53522e-05
2.54549e-05
2.51946e-05
2.44606e-05
2.31631e-05
2.12455e-05
1.88926e-05
1.63232e-05
1.37805e-05
1.14499e-05
9.388e-06
7.52476e-06
5.7469e-06
4.14238e-06
2.8755e-06
2.10007e-06
1.68313e-06
1.45748e-06
1.36644e-06
1.3655e-06
1.42196e-06
1.51123e-06
1.61263e-06
1.70663e-06
1.78886e-06
1.86153e-06
1.92167e-06
1.96225e-06
1.97318e-06
1.94357e-06
1.8662e-06
1.74333e-06
1.59576e-06
1.45786e-06
1.3618e-06
5.56307e-05
2.96706e-05
2.6549e-05
2.63645e-05
2.68462e-05
2.74018e-05
2.77791e-05
2.78227e-05
2.74071e-05
2.64102e-05
2.47009e-05
2.232e-05
1.94493e-05
1.63523e-05
1.33228e-05
1.05925e-05
8.25307e-06
6.25919e-06
4.52306e-06
3.12984e-06
2.3014e-06
1.84678e-06
1.59078e-06
1.47538e-06
1.45461e-06
1.49544e-06
1.57208e-06
1.66054e-06
1.73803e-06
1.80633e-06
1.87085e-06
1.93074e-06
1.97969e-06
2.00641e-06
1.99569e-06
1.93229e-06
1.80814e-06
1.63769e-06
1.45971e-06
1.32545e-06
5.94033e-05
3.08769e-05
2.74557e-05
2.72607e-05
2.78176e-05
2.84905e-05
2.90177e-05
2.92472e-05
2.90626e-05
2.83514e-05
2.69842e-05
2.482e-05
2.19729e-05
1.86672e-05
1.52162e-05
1.19563e-05
9.13789e-06
6.84381e-06
5.00772e-06
3.53575e-06
2.63174e-06
2.1183e-06
1.80616e-06
1.63655e-06
1.56214e-06
1.5489e-06
1.57455e-06
1.61807e-06
1.6539e-06
1.68942e-06
1.73264e-06
1.78483e-06
1.84143e-06
1.89142e-06
1.91677e-06
1.89388e-06
1.8e-06
1.63389e-06
1.4277e-06
1.25167e-06
6.23776e-05
3.16266e-05
2.79256e-05
2.76738e-05
2.8223e-05
2.89006e-05
2.94405e-05
2.97018e-05
2.95893e-05
2.90177e-05
2.78814e-05
2.6027e-05
2.34107e-05
2.01889e-05
1.66324e-05
1.30991e-05
9.94127e-06
7.37772e-06
5.42242e-06
3.9492e-06
3.01876e-06
2.44627e-06
2.06486e-06
1.82084e-06
1.67007e-06
1.58002e-06
1.52959e-06
1.50692e-06
1.48271e-06
1.47086e-06
1.48004e-06
1.5128e-06
1.56711e-06
1.63493e-06
1.69936e-06
1.73213e-06
1.69589e-06
1.56551e-06
1.35106e-06
1.13412e-06
6.47629e-05
3.21089e-05
2.81817e-05
2.78652e-05
2.83607e-05
2.89621e-05
2.94006e-05
2.95496e-05
2.93419e-05
2.87314e-05
2.76607e-05
2.60207e-05
2.36591e-05
2.0663e-05
1.72334e-05
1.36889e-05
1.04083e-05
7.70235e-06
5.67861e-06
4.22618e-06
3.33513e-06
2.7502e-06
2.30955e-06
1.99083e-06
1.75991e-06
1.58984e-06
1.46271e-06
1.36841e-06
1.27855e-06
1.21652e-06
1.18543e-06
1.18666e-06
1.22046e-06
1.28401e-06
1.36712e-06
1.44574e-06
1.47656e-06
1.41062e-06
1.21848e-06
9.73135e-07
6.66516e-05
3.24446e-05
2.83775e-05
2.80225e-05
2.84521e-05
2.893e-05
2.91857e-05
2.91097e-05
2.86657e-05
2.78507e-05
2.666e-05
2.50411e-05
2.2848e-05
2.00846e-05
1.68993e-05
1.35456e-05
1.03671e-05
7.69911e-06
5.71174e-06
4.32902e-06
3.50293e-06
2.93763e-06
2.48162e-06
2.11523e-06
1.82239e-06
1.58787e-06
1.39817e-06
1.23957e-06
1.10487e-06
1.0053e-06
9.3855e-07
9.03387e-07
8.99836e-07
9.28371e-07
9.87248e-07
1.06615e-06
1.13469e-06
1.14029e-06
1.01057e-06
7.78241e-07
6.80565e-05
3.26883e-05
2.86137e-05
2.82726e-05
2.86397e-05
2.89554e-05
2.89514e-05
2.85387e-05
2.77163e-05
2.65292e-05
2.50343e-05
2.32542e-05
2.11046e-05
1.85447e-05
1.56712e-05
1.26619e-05
9.78436e-06
7.33457e-06
5.4937e-06
4.2169e-06
3.45963e-06
2.93069e-06
2.48784e-06
2.11517e-06
1.80531e-06
1.55021e-06
1.33929e-06
1.15867e-06
1.00433e-06
8.84271e-07
7.93618e-07
7.28461e-07
6.86698e-07
6.67712e-07
6.71487e-07
6.95991e-07
7.31426e-07
7.56048e-07
7.12424e-07
5.72557e-07
6.89449e-05
3.28674e-05
2.89895e-05
2.87491e-05
2.90832e-05
2.92293e-05
2.89327e-05
2.81335e-05
2.68726e-05
2.52436e-05
2.33471e-05
2.12378e-05
1.88882e-05
1.63773e-05
1.37885e-05
1.12084e-05
8.79134e-06
6.737e-06
5.1777e-06
4.08045e-06
3.42735e-06
2.95291e-06
2.5408e-06
2.18252e-06
1.87465e-06
1.61061e-06
1.37972e-06
1.18176e-06
1.01835e-06
8.86719e-07
7.81668e-07
6.98169e-07
6.31891e-07
5.7827e-07
5.32391e-07
4.90094e-07
4.50746e-07
4.19548e-07
4.16225e-07
3.92776e-07
7.25549e-05
3.29644e-05
2.94457e-05
2.93154e-05
2.95714e-05
2.94848e-05
2.88296e-05
2.75827e-05
2.58318e-05
2.37368e-05
2.14836e-05
1.92327e-05
1.70529e-05
1.48838e-05
1.2753e-05
1.06828e-05
8.73971e-06
7.02747e-06
5.62631e-06
4.53655e-06
3.85117e-06
3.3263e-06
2.87886e-06
2.49268e-06
2.15927e-06
1.87111e-06
1.61586e-06
1.37677e-06
1.17166e-06
1.01267e-06
8.95298e-07
8.1064e-07
7.49815e-07
6.95899e-07
6.2987e-07
5.43521e-07
4.50869e-07
3.64792e-07
2.82891e-07
2.09967e-07
7.77917e-05
3.4201e-05
3.02205e-05
2.99074e-05
3.00406e-05
2.98454e-05
2.90778e-05
2.77037e-05
2.57915e-05
2.35013e-05
2.10391e-05
1.86108e-05
1.6354e-05
1.42253e-05
1.21872e-05
1.02999e-05
8.58584e-06
7.0788e-06
5.81018e-06
4.77979e-06
4.11355e-06
3.59914e-06
3.163e-06
2.78734e-06
2.46233e-06
2.18238e-06
1.94301e-06
1.73877e-06
1.56361e-06
1.41637e-06
1.30045e-06
1.22512e-06
1.1897e-06
1.18041e-06
1.14148e-06
9.96819e-07
7.93218e-07
6.38334e-07
5.56925e-07
5.18288e-07
8.31885e-05
3.57998e-05
3.12833e-05
3.07499e-05
3.07179e-05
3.03728e-05
2.94637e-05
2.79483e-05
2.58671e-05
2.33784e-05
2.06817e-05
1.80049e-05
1.55443e-05
1.33868e-05
1.14269e-05
9.69606e-06
8.18056e-06
6.86793e-06
5.7534e-06
4.82703e-06
4.21053e-06
3.72716e-06
3.31099e-06
2.94653e-06
2.62429e-06
2.33863e-06
2.08614e-06
1.86483e-06
1.67396e-06
1.51453e-06
1.38969e-06
1.30506e-06
1.26657e-06
1.27633e-06
1.32498e-06
1.38765e-06
1.4397e-06
1.47416e-06
1.49598e-06
1.51471e-06
8.89867e-05
3.76024e-05
3.24873e-05
3.16998e-05
3.14784e-05
3.09521e-05
2.9856e-05
2.81537e-05
2.59226e-05
2.32992e-05
2.04234e-05
1.75445e-05
1.48794e-05
1.25779e-05
1.06336e-05
8.97727e-06
7.59995e-06
6.45243e-06
5.49285e-06
4.69089e-06
4.14459e-06
3.7113e-06
3.33219e-06
2.99538e-06
2.69344e-06
2.42185e-06
2.17778e-06
1.95924e-06
1.76467e-06
1.59297e-06
1.44374e-06
1.31776e-06
1.21717e-06
1.14482e-06
1.10212e-06
1.08599e-06
1.08825e-06
1.09891e-06
1.11001e-06
1.11752e-06
9.53819e-05
3.96917e-05
3.39134e-05
3.28423e-05
3.24093e-05
3.16799e-05
3.03723e-05
2.84486e-05
2.59947e-05
2.31654e-05
2.01439e-05
1.71045e-05
1.42494e-05
1.17879e-05
9.81121e-06
8.17365e-06
6.88593e-06
5.87214e-06
5.05755e-06
4.38784e-06
3.92707e-06
3.55998e-06
3.23406e-06
2.94015e-06
2.67268e-06
2.4284e-06
2.20541e-06
2.00252e-06
1.81878e-06
1.65339e-06
1.50561e-06
1.37478e-06
1.26053e-06
1.16276e-06
1.08162e-06
1.01699e-06
9.67748e-07
9.31455e-07
9.04605e-07
8.83459e-07
0.000102536
4.21124e-05
3.56017e-05
3.42255e-05
3.35689e-05
3.26224e-05
3.10825e-05
2.89089e-05
2.61949e-05
2.31074e-05
1.98491e-05
1.66273e-05
1.36221e-05
1.09771e-05
8.86758e-06
7.27447e-06
6.05667e-06
5.15383e-06
4.47044e-06
3.93131e-06
3.56421e-06
3.27356e-06
3.01308e-06
2.77516e-06
2.55543e-06
2.35154e-06
2.16231e-06
1.98711e-06
1.82554e-06
1.67722e-06
1.54176e-06
1.41871e-06
1.30758e-06
1.20785e-06
1.11904e-06
1.04065e-06
9.72124e-07
9.12732e-07
8.61388e-07
8.16532e-07
0.000110551
4.48954e-05
3.75839e-05
3.58915e-05
3.50136e-05
3.38518e-05
3.20735e-05
2.96319e-05
2.66256e-05
2.32345e-05
1.96788e-05
1.61876e-05
1.29721e-05
1.01958e-05
7.94095e-06
6.33014e-06
5.14339e-06
4.32579e-06
3.75603e-06
3.33763e-06
3.06411e-06
2.85253e-06
2.66313e-06
2.48876e-06
2.32547e-06
2.17129e-06
2.02531e-06
1.88719e-06
1.75686e-06
1.63434e-06
1.51964e-06
1.41273e-06
1.3135e-06
1.22177e-06
1.13729e-06
1.05975e-06
9.8876e-07
9.23875e-07
8.64506e-07
8.09741e-07
0.00011949
4.8057e-05
3.98791e-05
3.78693e-05
3.67864e-05
3.54282e-05
3.34252e-05
3.07176e-05
2.74053e-05
2.36787e-05
1.97754e-05
1.59458e-05
1.24257e-05
9.40884e-06
7.01565e-06
5.26561e-06
4.14343e-06
3.40954e-06
2.94447e-06
2.63569e-06
2.44951e-06
2.31254e-06
2.19222e-06
2.0815e-06
1.97649e-06
1.87514e-06
1.77651e-06
1.68029e-06
1.58652e-06
1.49539e-06
1.40717e-06
1.32208e-06
1.24033e-06
1.16216e-06
1.08779e-06
1.0174e-06
9.51071e-07
8.88709e-07
8.30239e-07
7.75134e-07
0.000129376
5.15988e-05
4.24942e-05
4.01749e-05
3.89155e-05
3.73957e-05
3.52008e-05
3.22519e-05
2.86445e-05
2.45749e-05
2.02951e-05
1.60765e-05
1.21806e-05
8.83279e-06
6.19136e-06
4.31041e-06
3.11787e-06
2.45594e-06
2.08927e-06
1.87842e-06
1.76855e-06
1.69558e-06
1.63474e-06
1.57935e-06
1.52548e-06
1.47093e-06
1.41467e-06
1.35632e-06
1.29591e-06
1.23376e-06
1.17037e-06
1.10597e-06
1.04039e-06
9.73909e-07
9.07114e-07
8.42098e-07
7.80321e-07
7.22743e-07
6.69645e-07
6.21026e-07
0.000140191
5.55069e-05
4.54217e-05
4.28084e-05
4.14104e-05
3.97761e-05
3.74379e-05
3.42923e-05
3.04247e-05
2.60323e-05
2.13759e-05
1.67439e-05
1.24222e-05
8.66813e-06
5.68202e-06
3.56592e-06
2.27295e-06
1.60907e-06
1.30409e-06
1.16002e-06
1.10436e-06
1.07668e-06
1.05777e-06
1.04191e-06
1.02478e-06
1.002e-06
9.73267e-07
9.38637e-07
8.96902e-07
8.47545e-07
7.90971e-07
7.32417e-07
6.75869e-07
6.22411e-07
5.72555e-07
5.26522e-07
4.84357e-07
4.45959e-07
4.1108e-07
3.79523e-07
0.000151882
5.97486e-05
4.86368e-05
4.57506e-05
4.42585e-05
4.25649e-05
4.01429e-05
3.68592e-05
3.27847e-05
2.81123e-05
2.31066e-05
1.80667e-05
1.32968e-05
9.08179e-06
5.66253e-06
3.1988e-06
1.70238e-06
9.76639e-07
7.02622e-07
6.30853e-07
6.06573e-07
5.82571e-07
5.52712e-07
5.32376e-07
5.40426e-07
5.23002e-07
4.88763e-07
4.49394e-07
4.12109e-07
3.77693e-07
3.45561e-07
3.15398e-07
2.87178e-07
2.60886e-07
2.36497e-07
2.13976e-07
1.93285e-07
1.74379e-07
1.57243e-07
1.4212e-07
0.000164359
6.42681e-05
5.2092e-05
4.89585e-05
4.74208e-05
4.57275e-05
4.32868e-05
3.99312e-05
3.57135e-05
3.08189e-05
2.55112e-05
2.00948e-05
1.48847e-05
1.0184e-05
6.26413e-06
3.33747e-06
1.49684e-06
6.08131e-07
2.99998e-07
2.19998e-07
2.02029e-07
1.94329e-07
1.86357e-07
1.76681e-07
1.65943e-07
1.53378e-07
1.39001e-07
1.24009e-07
1.09523e-07
9.61034e-08
8.39467e-08
7.30879e-08
6.34854e-08
5.50568e-08
4.77012e-08
4.1312e-08
3.578e-08
3.09953e-08
2.68523e-08
2.32714e-08
0.000177493
6.89792e-05
5.57114e-05
5.23606e-05
5.08279e-05
4.91965e-05
4.68038e-05
4.34447e-05
3.9151e-05
3.40971e-05
2.85436e-05
2.27963e-05
1.71758e-05
1.19954e-05
7.54471e-06
4.07218e-06
1.74449e-06
5.44412e-07
1.41629e-07
5.86397e-08
4.3834e-08
3.90946e-08
3.56659e-08
3.24277e-08
2.92652e-08
2.62583e-08
2.34433e-08
2.08503e-08
1.85019e-08
1.64027e-08
1.45439e-08
1.29087e-08
1.14772e-08
1.02288e-08
9.14316e-09
8.20165e-09
7.387e-09
6.68349e-09
6.07686e-09
5.55471e-09
0.000191102
7.37532e-05
5.93821e-05
5.58514e-05
5.43788e-05
5.28735e-05
5.05977e-05
4.73052e-05
4.30042e-05
3.78561e-05
3.21156e-05
2.60869e-05
2.00926e-05
1.44517e-05
9.46581e-06
5.40752e-06
2.49574e-06
8.21272e-07
1.79555e-07
4.37046e-08
2.31012e-08
1.84122e-08
1.63517e-08
1.49714e-08
1.38526e-08
1.28674e-08
1.19754e-08
1.11592e-08
1.04018e-08
9.68231e-09
8.99297e-09
8.33225e-09
7.70265e-09
7.10753e-09
6.54994e-09
6.03206e-09
5.55514e-09
5.11953e-09
4.72463e-09
4.36802e-09
0.000204907
7.84027e-05
6.29436e-05
5.92834e-05
5.79345e-05
5.66268e-05
5.4544e-05
5.13965e-05
4.71667e-05
4.20016e-05
3.61469e-05
2.99014e-05
2.35837e-05
1.75119e-05
1.19924e-05
7.31502e-06
3.74027e-06
1.44939e-06
3.91376e-07
9.3671e-08
4.02461e-08
2.82178e-08
2.38183e-08
2.14682e-08
1.97878e-08
1.83851e-08
1.71372e-08
1.59993e-08
1.49566e-08
1.40093e-08
1.31454e-08
1.23103e-08
1.14856e-08
1.06701e-08
9.87194e-09
9.10109e-09
8.3668e-09
7.67654e-09
7.03545e-09
6.44451e-09
0.000218472
8.26635e-05
6.61729e-05
6.24515e-05
6.13003e-05
6.027e-05
5.8465e-05
5.55521e-05
5.14883e-05
4.6406e-05
4.05414e-05
3.41844e-05
2.76426e-05
2.12214e-05
1.52168e-05
9.91816e-06
5.61093e-06
2.55426e-06
8.67724e-07
2.38179e-07
9.31721e-08
5.85917e-08
4.69091e-08
4.15182e-08
3.80845e-08
3.5337e-08
3.28846e-08
3.06078e-08
2.84719e-08
2.64671e-08
2.45969e-08
2.29022e-08
2.13605e-08
1.9872e-08
1.84044e-08
1.69594e-08
1.55552e-08
1.42124e-08
1.2949e-08
1.17743e-08
0.000231187
8.61895e-05
6.87765e-05
6.50801e-05
6.42066e-05
6.35348e-05
6.20924e-05
5.95044e-05
5.57062e-05
5.08195e-05
4.50749e-05
3.87542e-05
3.21507e-05
2.55462e-05
1.9206e-05
1.33894e-05
8.36938e-06
4.44377e-06
1.88742e-06
6.34553e-07
2.43148e-07
1.3474e-07
9.86714e-08
8.42124e-08
7.65511e-08
7.11126e-08
6.64198e-08
6.2008e-08
5.77481e-08
5.36164e-08
4.9621e-08
4.57823e-08
4.21551e-08
3.88521e-08
3.58251e-08
3.29154e-08
3.00785e-08
2.73322e-08
2.47222e-08
2.22939e-08
0.000242307
8.85622e-05
7.04043e-05
6.68371e-05
6.63204e-05
6.60771e-05
6.50649e-05
6.28718e-05
5.94171e-05
5.48207e-05
4.93172e-05
4.31903e-05
3.67249e-05
3.01784e-05
2.37729e-05
1.77079e-05
1.21912e-05
7.48115e-06
3.91183e-06
1.67679e-06
7.07711e-07
3.56227e-07
2.23669e-07
1.72479e-07
1.49773e-07
1.3692e-07
1.27382e-07
1.18945e-07
1.10975e-07
1.03378e-07
9.61817e-08
8.93798e-08
8.28915e-08
7.65926e-08
7.04565e-08
6.45841e-08
5.88189e-08
5.30074e-08
4.72099e-08
4.16279e-08
0.000250873
8.92857e-05
7.06803e-05
6.73794e-05
6.72978e-05
6.75362e-05
6.69937e-05
6.52265e-05
6.2144e-05
5.78741e-05
5.26705e-05
4.68368e-05
4.06693e-05
3.44188e-05
2.82754e-05
2.23737e-05
1.68186e-05
1.17326e-05
7.33215e-06
3.9785e-06
2.05236e-06
1.08845e-06
6.03893e-07
3.85218e-07
2.9074e-07
2.49051e-07
2.28453e-07
2.15296e-07
2.03784e-07
1.91598e-07
1.78065e-07
1.63415e-07
1.48446e-07
1.3422e-07
1.21694e-07
1.11329e-07
1.03081e-07
9.62445e-08
8.88745e-08
7.89204e-08
0.000255256
8.76933e-05
6.91777e-05
6.63252e-05
6.67505e-05
6.75024e-05
6.74405e-05
6.60922e-05
6.33575e-05
5.93786e-05
5.44402e-05
4.88829e-05
4.3035e-05
3.7166e-05
3.1465e-05
2.60399e-05
2.09333e-05
1.61476e-05
1.16711e-05
7.71497e-06
4.93037e-06
3.15063e-06
1.9374e-06
1.1812e-06
7.47216e-07
5.1175e-07
3.85527e-07
3.14941e-07
2.71338e-07
2.40681e-07
2.17291e-07
2.003e-07
1.90666e-07
1.87893e-07
1.88247e-07
1.86906e-07
1.81583e-07
1.73075e-07
1.63948e-07
1.557e-07
0.000243442
8.27715e-05
6.58059e-05
6.37676e-05
6.4846e-05
6.61785e-05
6.66028e-05
6.56078e-05
6.30737e-05
5.91679e-05
5.42322e-05
4.86754e-05
4.28912e-05
3.71971e-05
3.18025e-05
2.68049e-05
2.22037e-05
1.79219e-05
1.38265e-05
9.9405e-06
6.93792e-06
4.81821e-06
3.18758e-06
2.02236e-06
1.25503e-06
7.87906e-07
5.19621e-07
3.68986e-07
2.82987e-07
2.31674e-07
1.99747e-07
1.80009e-07
1.69039e-07
1.64532e-07
1.64533e-07
1.68501e-07
1.78634e-07
2.02205e-07
2.69494e-07
5.6512e-07
0.000229465
7.75493e-05
6.24726e-05
6.14556e-05
6.31937e-05
6.48455e-05
6.52105e-05
6.37891e-05
6.05628e-05
5.58354e-05
5.0095e-05
4.38855e-05
3.76966e-05
3.18892e-05
2.66673e-05
2.20892e-05
1.8106e-05
1.46112e-05
1.14829e-05
8.66387e-06
6.44102e-06
4.79108e-06
3.42434e-06
2.35104e-06
1.56103e-06
1.01898e-06
6.71178e-07
4.59889e-07
3.36687e-07
2.68205e-07
2.35238e-07
2.2955e-07
2.51498e-07
3.09283e-07
4.18585e-07
5.97181e-07
8.41539e-07
1.07444e-06
1.11946e-06
1.13456e-06
0.000212859
7.05542e-05
5.79801e-05
5.82105e-05
6.07027e-05
6.26844e-05
6.29636e-05
6.11032e-05
5.71932e-05
5.16881e-05
4.52362e-05
3.85132e-05
3.20873e-05
2.63395e-05
2.1446e-05
1.74118e-05
1.41296e-05
1.14364e-05
9.14749e-06
7.13479e-06
5.53713e-06
4.32217e-06
3.27306e-06
2.40014e-06
1.70885e-06
1.19214e-06
8.29009e-07
5.89066e-07
4.40416e-07
3.56557e-07
3.19815e-07
3.21528e-07
3.59607e-07
4.32199e-07
5.29968e-07
6.26265e-07
6.81187e-07
6.72574e-07
6.52268e-07
9.20455e-07
0.000191647
6.23634e-05
5.25747e-05
5.42142e-05
5.76237e-05
6.00919e-05
6.04104e-05
5.81931e-05
5.36622e-05
4.74499e-05
4.038e-05
3.32596e-05
2.67198e-05
2.11343e-05
1.66229e-05
1.3116e-05
1.04413e-05
8.39338e-06
6.77427e-06
5.42715e-06
4.36385e-06
3.54328e-06
2.81339e-06
2.1803e-06
1.65225e-06
1.23297e-06
9.1832e-07
6.96699e-07
5.52268e-07
4.69311e-07
4.35448e-07
4.42573e-07
4.8299e-07
5.45859e-07
6.13283e-07
6.6324e-07
6.81925e-07
6.78731e-07
7.065e-07
1.10987e-06
0.000166785
5.29012e-05
4.61243e-05
4.9255e-05
5.36665e-05
5.67121e-05
5.71605e-05
5.46831e-05
4.96492e-05
4.28837e-05
3.53906e-05
2.80971e-05
2.16706e-05
1.64436e-05
1.245e-05
9.52957e-06
7.44205e-06
5.94628e-06
4.83897e-06
3.96441e-06
3.28255e-06
2.75313e-06
2.27317e-06
1.84492e-06
1.47489e-06
1.16886e-06
9.28847e-07
7.52162e-07
6.32353e-07
5.61166e-07
5.30228e-07
5.31138e-07
5.53713e-07
5.85389e-07
6.12387e-07
6.24149e-07
6.19434e-07
6.12288e-07
6.53237e-07
1.13203e-06
0.000139714
4.27527e-05
3.89092e-05
4.34497e-05
4.88651e-05
5.25609e-05
5.32592e-05
5.06721e-05
4.53109e-05
3.81941e-05
3.05035e-05
2.32701e-05
1.71676e-05
1.24551e-05
9.05877e-06
6.72448e-06
5.15731e-06
4.10137e-06
3.37371e-06
2.82636e-06
2.40475e-06
2.07633e-06
1.77456e-06
1.49977e-06
1.25629e-06
1.049e-06
8.81061e-07
7.52882e-07
6.62109e-07
6.04308e-07
5.73667e-07
5.63216e-07
5.64676e-07
5.69056e-07
5.68885e-07
5.60853e-07
5.4814e-07
5.44598e-07
5.97535e-07
1.08928e-06
0.000112795
3.27982e-05
3.13578e-05
3.69757e-05
4.32458e-05
4.76021e-05
4.86726e-05
4.61588e-05
4.06801e-05
3.3437e-05
2.57829e-05
1.88366e-05
1.32482e-05
9.17249e-06
6.41516e-06
4.63848e-06
3.51682e-06
2.80309e-06
2.34024e-06
2.00564e-06
1.75094e-06
1.55237e-06
1.36828e-06
1.19816e-06
1.04449e-06
9.10496e-07
7.98653e-07
7.09862e-07
6.43232e-07
5.96264e-07
5.65203e-07
5.45391e-07
5.31718e-07
5.1941e-07
5.05165e-07
4.88727e-07
4.7426e-07
4.73873e-07
5.29742e-07
9.93207e-07
8.83292e-05
2.39907e-05
2.40396e-05
3.01639e-05
3.69813e-05
4.19443e-05
4.35169e-05
4.1292e-05
3.59258e-05
2.87753e-05
2.13643e-05
1.48885e-05
9.94752e-06
6.56758e-06
4.43327e-06
3.14679e-06
2.38178e-06
1.92018e-06
1.63349e-06
1.43291e-06
1.2819e-06
1.16417e-06
1.05424e-06
9.5132e-07
8.56632e-07
7.71989e-07
6.98901e-07
6.38041e-07
5.89043e-07
5.50564e-07
5.20493e-07
4.96277e-07
4.75339e-07
4.55607e-07
4.36135e-07
4.17794e-07
4.04325e-07
4.05829e-07
4.58816e-07
8.72027e-07
6.7798e-05
1.70405e-05
1.75498e-05
2.34653e-05
3.0377e-05
3.58116e-05
3.80028e-05
3.62942e-05
3.12652e-05
2.43913e-05
1.73749e-05
1.14901e-05
7.26338e-06
4.57461e-06
2.99926e-06
2.11189e-06
1.6132e-06
1.32624e-06
1.15382e-06
1.0361e-06
9.48133e-07
8.79391e-07
8.14609e-07
7.53024e-07
6.9511e-07
6.41774e-07
5.9383e-07
5.51689e-07
5.15236e-07
4.83858e-07
4.56573e-07
4.32244e-07
4.09839e-07
3.88717e-07
3.68951e-07
3.51734e-07
3.40249e-07
3.42788e-07
3.9014e-07
7.45667e-07
5.14734e-05
1.2173e-05
1.23745e-05
1.74058e-05
2.38765e-05
2.95544e-05
3.24374e-05
3.1463e-05
2.69709e-05
2.04969e-05
1.39469e-05
8.69341e-06
5.17427e-06
3.11287e-06
1.99825e-06
1.41091e-06
1.09715e-06
9.26044e-07
8.2572e-07
7.58358e-07
7.08032e-07
6.68356e-07
6.30386e-07
5.93502e-07
5.57827e-07
5.23778e-07
4.91779e-07
4.6209e-07
4.34741e-07
4.09549e-07
3.86188e-07
3.64302e-07
3.43642e-07
3.24213e-07
3.06455e-07
2.91525e-07
2.82029e-07
2.84673e-07
3.24767e-07
6.18728e-07
3.87735e-05
9.13691e-06
8.72973e-06
1.24451e-05
1.79674e-05
2.3567e-05
2.71391e-05
2.70954e-05
2.33159e-05
1.72951e-05
1.11876e-05
6.51693e-06
3.62979e-06
2.08968e-06
1.32534e-06
9.48331e-07
7.5645e-07
6.56045e-07
5.98644e-07
5.60746e-07
5.32279e-07
5.09448e-07
4.87066e-07
4.64669e-07
4.42246e-07
4.19987e-07
3.98126e-07
3.7685e-07
3.5627e-07
3.36418e-07
3.1729e-07
2.98891e-07
2.81304e-07
2.64768e-07
2.49787e-07
2.37344e-07
2.29492e-07
2.31494e-07
2.63424e-07
4.96625e-07
2.88873e-05
7.44361e-06
6.50783e-06
8.84295e-06
1.30809e-05
1.82226e-05
2.23758e-05
2.34369e-05
2.05475e-05
1.49677e-05
9.16891e-06
4.93766e-06
2.54921e-06
1.40331e-06
8.84865e-07
6.45769e-07
5.29926e-07
4.71276e-07
4.38715e-07
4.17591e-07
4.01486e-07
3.88196e-07
3.74715e-07
3.60718e-07
3.46166e-07
3.31153e-07
3.15831e-07
3.00351e-07
2.84851e-07
2.69452e-07
2.54273e-07
2.39448e-07
2.25166e-07
2.11704e-07
1.9951e-07
1.89354e-07
1.82797e-07
1.83839e-07
2.07844e-07
3.85755e-07
2.11811e-05
6.5401e-06
5.33676e-06
6.58233e-06
9.53949e-06
1.39488e-05
1.85294e-05
2.08999e-05
1.91429e-05
1.39041e-05
8.08496e-06
3.98414e-06
1.87554e-06
9.75657e-07
6.08175e-07
4.50673e-07
3.78666e-07
3.43478e-07
3.24566e-07
3.12505e-07
3.03087e-07
2.95025e-07
2.86523e-07
2.77359e-07
2.67494e-07
2.5699e-07
2.45955e-07
2.34519e-07
2.22816e-07
2.10984e-07
1.99167e-07
1.87523e-07
1.7624e-07
1.65561e-07
1.55836e-07
1.47637e-07
1.42106e-07
1.42176e-07
1.59167e-07
2.89299e-07
1.50242e-05
5.72668e-06
4.51792e-06
5.10628e-06
7.07576e-06
1.07336e-05
1.57239e-05
1.98961e-05
1.99133e-05
1.49148e-05
8.40978e-06
3.82191e-06
1.61289e-06
7.64766e-07
4.53991e-07
3.31668e-07
2.79149e-07
2.54717e-07
2.42233e-07
2.34579e-07
2.28578e-07
2.23307e-07
2.17578e-07
2.1122e-07
2.04202e-07
1.96567e-07
1.88402e-07
1.79814e-07
1.70921e-07
1.61847e-07
1.52724e-07
1.43691e-07
1.34901e-07
1.26544e-07
1.18872e-07
1.12295e-07
1.07617e-07
1.06929e-07
1.18341e-07
2.10846e-07
7.73429e-06
4.21341e-06
3.21025e-06
3.44273e-06
4.50912e-06
7.06514e-06
1.19308e-05
1.83215e-05
2.16679e-05
1.75199e-05
9.76988e-06
4.1663e-06
1.57764e-06
6.61373e-07
3.58491e-07
2.5017e-07
2.07467e-07
1.89179e-07
1.80579e-07
1.75613e-07
1.71674e-07
1.68083e-07
1.64038e-07
1.59421e-07
1.54219e-07
1.48478e-07
1.42273e-07
1.35696e-07
1.28849e-07
1.21835e-07
1.14765e-07
1.07747e-07
1.00901e-07
9.43626e-08
8.83107e-08
8.30248e-08
7.90549e-08
7.78339e-08
8.49359e-08
1.47455e-07
5.14252e-07
1.09757e-06
1.71229e-06
2.15476e-06
2.48125e-06
3.15817e-06
5.48357e-06
1.12378e-05
1.80238e-05
1.65319e-05
8.75354e-06
3.36463e-06
1.15926e-06
4.69913e-07
2.61146e-07
1.90141e-07
1.63226e-07
1.52057e-07
1.46913e-07
1.43814e-07
1.41024e-07
1.38277e-07
1.35041e-07
1.31257e-07
1.26937e-07
1.22134e-07
1.16922e-07
1.11384e-07
1.0561e-07
9.96927e-08
9.37248e-08
8.78e-08
8.20166e-08
7.6485e-08
7.13474e-08
6.68229e-08
6.33386e-08
6.20013e-08
6.71062e-08
1.15029e-07
4.83346e-07
7.9683e-07
1.17136e-06
1.62558e-06
2.17871e-06
3.08222e-06
5.08589e-06
9.28035e-06
1.43355e-05
1.28854e-05
6.12454e-06
2.11916e-06
7.19375e-07
3.18084e-07
1.96274e-07
1.53906e-07
1.37127e-07
1.29937e-07
1.26422e-07
1.24011e-07
1.21561e-07
1.19071e-07
1.16121e-07
1.1268e-07
1.08773e-07
1.0445e-07
9.97807e-08
9.48381e-08
8.9701e-08
8.44485e-08
7.91597e-08
7.39132e-08
6.87902e-08
6.38804e-08
5.92973e-08
5.52145e-08
5.19701e-08
5.04447e-08
5.40848e-08
9.25467e-08
3.07901e-07
5.6647e-07
9.2808e-07
1.39351e-06
2.0521e-06
3.27945e-06
5.43682e-06
8.73577e-06
1.1803e-05
8.87917e-06
3.44511e-06
1.07143e-06
3.91462e-07
2.0736e-07
1.49313e-07
1.27077e-07
1.17448e-07
1.1284e-07
1.10137e-07
1.07873e-07
1.05397e-07
1.02917e-07
1.00051e-07
9.67845e-08
9.31401e-08
8.91639e-08
8.49131e-08
8.04499e-08
7.58397e-08
7.1148e-08
6.64405e-08
6.1782e-08
5.72398e-08
5.28882e-08
4.88214e-08
4.51846e-08
4.2261e-08
4.07874e-08
4.36337e-08
7.54375e-08
2.1141e-07
3.94768e-07
6.81579e-07
1.14934e-06
2.07005e-06
4.01552e-06
6.55188e-06
8.76179e-06
9.04226e-06
4.49399e-06
1.38025e-06
4.50413e-07
2.16292e-07
1.48235e-07
1.22567e-07
1.10927e-07
1.04885e-07
1.01223e-07
9.84403e-08
9.57733e-08
9.29204e-08
9.02174e-08
8.72489e-08
8.39945e-08
8.04684e-08
7.67035e-08
7.27427e-08
6.86343e-08
6.44297e-08
6.01816e-08
5.59434e-08
5.17689e-08
4.7715e-08
4.38458e-08
4.02441e-08
3.70376e-08
3.44738e-08
3.3187e-08
3.56205e-08
6.26995e-08
1.09545e-07
2.19989e-07
4.60896e-07
1.04192e-06
2.61159e-06
6.0822e-06
8.64007e-06
8.16408e-06
4.18787e-06
1.2714e-06
4.1973e-07
2.11385e-07
1.49486e-07
1.24246e-07
1.11453e-07
1.03855e-07
9.8705e-08
9.47318e-08
9.12344e-08
8.78148e-08
8.43792e-08
8.13166e-08
7.8125e-08
7.4769e-08
7.1246e-08
6.75732e-08
6.37788e-08
5.98974e-08
5.59683e-08
5.20332e-08
4.81357e-08
4.43216e-08
4.06405e-08
3.71502e-08
3.39263e-08
3.10856e-08
2.88525e-08
2.77934e-08
3.00734e-08
5.42118e-08
4.24951e-08
1.05042e-07
3.45389e-07
1.27257e-06
4.49268e-06
1.15612e-05
1.15272e-05
3.62031e-06
9.15309e-07
3.4184e-07
2.04623e-07
1.56731e-07
1.33362e-07
1.1929e-07
1.09681e-07
1.02566e-07
9.69506e-08
9.22251e-08
8.79606e-08
8.38785e-08
7.99634e-08
7.66029e-08
7.32148e-08
6.97474e-08
6.61843e-08
6.25306e-08
5.88043e-08
5.5031e-08
5.12424e-08
4.74733e-08
4.37619e-08
4.01493e-08
3.66813e-08
3.34119e-08
3.04129e-08
2.77952e-08
2.57704e-08
2.48699e-08
2.71196e-08
4.98796e-08
1.5603e-07
4.93841e-07
1.55049e-06
1.12178e-06
8.66233e-07
7.78824e-07
7.60767e-07
7.23728e-07
5.76633e-07
3.50281e-07
1.2824e-07
2.00348e-08
5.07906e-09
4.0288e-09
5.86915e-09
1.06136e-08
1.98948e-08
3.60766e-08
6.54948e-08
1.529e-07
1.41993e-07
1.41461e-07
1.45609e-07
1.87443e-07
2.1509e-07
2.04672e-07
1.79263e-07
1.48312e-07
1.18239e-07
9.40653e-08
7.6559e-08
5.70398e-08
3.83898e-08
2.26222e-08
1.11712e-08
6.38485e-09
4.37264e-09
3.63438e-09
3.071e-09
3.04063e-09
9.7545e-09
5.50009e-09
2.03372e-09
1.80016e-09
1.31968e-09
9.27589e-10
6.53635e-10
4.50557e-10
2.99929e-10
1.9188e-10
1.18221e-10
7.06451e-11
4.15862e-11
2.52472e-11
1.60238e-11
8.99819e-12
2.79091e-11
1.54887e-11
8.26039e-12
3.79119e-12
4.9284e-07
5.45189e-07
5.84063e-07
6.25852e-07
6.66468e-07
6.96108e-07
7.09491e-07
7.03165e-07
6.76241e-07
6.29807e-07
5.66555e-07
4.94016e-07
4.19289e-07
3.52489e-07
3.01775e-07
2.65581e-07
2.4479e-07
2.42697e-07
2.53241e-07
2.75219e-07
2.89008e-07
2.52042e-07
1.91773e-07
1.4678e-07
1.08508e-07
7.71915e-08
5.25909e-08
3.39976e-08
2.06387e-08
1.16666e-08
6.1048e-09
2.94739e-09
1.32273e-09
5.70833e-10
2.34865e-10
8.7401e-11
3.61914e-11
1.85326e-11
9.62091e-12
4.64185e-12
1.72391e-06
2.61971e-06
3.08692e-06
3.38973e-06
3.74542e-06
4.16406e-06
4.60001e-06
5.01022e-06
5.34961e-06
5.56747e-06
5.60536e-06
5.40265e-06
4.99055e-06
4.43433e-06
3.81099e-06
3.26689e-06
2.87907e-06
2.59294e-06
2.38095e-06
2.14674e-06
1.85794e-06
1.47838e-06
1.14322e-06
8.54209e-07
6.16599e-07
4.26755e-07
2.808e-07
1.7404e-07
1.00427e-07
5.33166e-08
2.5793e-08
1.12919e-08
4.49845e-09
1.67648e-09
5.71415e-10
1.68368e-10
5.37378e-11
2.42696e-11
1.20598e-11
6.10176e-12
1.12862e-06
1.38949e-06
1.6963e-06
1.96508e-06
2.21132e-06
2.44528e-06
2.65732e-06
2.82135e-06
2.90733e-06
2.89432e-06
2.78127e-06
2.58188e-06
2.31195e-06
2.00725e-06
1.71345e-06
1.46843e-06
1.2871e-06
1.16673e-06
1.07976e-06
9.82377e-07
8.62577e-07
6.95421e-07
5.49785e-07
4.23297e-07
3.1977e-07
2.35597e-07
1.68001e-07
1.1488e-07
7.43469e-08
4.48477e-08
2.48326e-08
1.24093e-08
5.58301e-09
2.3144e-09
8.46423e-10
2.61358e-10
7.8978e-11
3.23135e-11
1.52668e-11
7.85892e-12
8.04414e-07
8.32819e-07
9.37481e-07
1.07163e-06
1.20565e-06
1.32392e-06
1.41733e-06
1.47602e-06
1.49015e-06
1.45451e-06
1.37281e-06
1.26083e-06
1.12941e-06
9.91901e-07
8.63102e-07
7.52941e-07
6.66978e-07
6.0566e-07
5.63498e-07
5.14701e-07
4.48467e-07
3.67282e-07
2.94284e-07
2.31351e-07
1.80643e-07
1.39993e-07
1.07011e-07
7.98694e-08
5.72938e-08
3.87131e-08
2.41387e-08
1.3617e-08
6.85549e-09
3.06145e-09
1.17693e-09
3.78355e-10
1.127e-10
4.26321e-11
1.91223e-11
9.82668e-12
6.53527e-07
5.80031e-07
5.67297e-07
5.957e-07
6.40859e-07
6.82339e-07
7.07623e-07
7.10693e-07
6.90345e-07
6.49678e-07
5.9593e-07
5.38288e-07
4.83767e-07
4.34424e-07
3.91546e-07
3.54866e-07
3.24144e-07
2.9865e-07
2.7612e-07
2.54531e-07
2.23103e-07
1.85937e-07
1.51868e-07
1.22852e-07
9.9546e-08
8.10683e-08
6.61404e-08
5.35468e-08
4.22436e-08
3.16225e-08
2.19611e-08
1.38511e-08
7.7661e-09
3.8092e-09
1.58539e-09
5.27139e-10
1.56043e-10
5.53816e-11
2.36002e-11
1.19701e-11
5.89895e-07
4.63116e-07
3.89627e-07
3.56534e-07
3.46578e-07
3.42745e-07
3.32925e-07
3.11608e-07
2.79146e-07
2.3862e-07
1.9782e-07
1.65235e-07
1.4286e-07
1.29988e-07
1.231e-07
1.1951e-07
1.16795e-07
1.12934e-07
1.06057e-07
9.83476e-08
8.92126e-08
7.8934e-08
6.91809e-08
6.0309e-08
5.24147e-08
4.55265e-08
3.95919e-08
3.43788e-08
2.92617e-08
2.40458e-08
1.85259e-08
1.29748e-08
8.05355e-09
4.34223e-09
1.98029e-09
7.10954e-10
2.1052e-10
7.08526e-11
2.87215e-11
1.42744e-11
5.34572e-07
3.91431e-07
2.97323e-07
2.3954e-07
2.04782e-07
1.80812e-07
1.58758e-07
1.34567e-07
1.08253e-07
8.44927e-08
6.63967e-08
5.31477e-08
4.38865e-08
3.8551e-08
3.756e-08
3.89802e-08
4.11148e-08
4.24707e-08
4.20552e-08
4.05426e-08
4.08957e-08
4.14521e-08
4.06126e-08
3.81033e-08
3.45301e-08
3.06239e-08
2.69298e-08
2.36594e-08
2.09133e-08
1.82434e-08
1.51636e-08
1.15689e-08
7.84549e-09
4.61184e-09
2.28879e-09
9.03034e-10
2.781e-10
8.94616e-11
3.45315e-11
1.67336e-11
4.17733e-07
3.02454e-07
2.24038e-07
1.7156e-07
1.36077e-07
1.10414e-07
8.96338e-08
7.1599e-08
5.66344e-08
4.58283e-08
3.85747e-08
3.43618e-08
3.27305e-08
3.33074e-08
3.56993e-08
3.8911e-08
4.19454e-08
4.44837e-08
4.67398e-08
4.91645e-08
4.99824e-08
4.80167e-08
4.3567e-08
3.79863e-08
3.23929e-08
2.73276e-08
2.29983e-08
1.94479e-08
1.67778e-08
1.46668e-08
1.25934e-08
1.01587e-08
7.37879e-09
4.66728e-09
2.49588e-09
1.07149e-09
3.57822e-10
1.11762e-10
4.10891e-11
1.93484e-11
2.47718e-07
1.83942e-07
1.41017e-07
1.10499e-07
8.79376e-08
7.0695e-08
5.71599e-08
4.68647e-08
3.97867e-08
3.55108e-08
3.33657e-08
3.26298e-08
3.27621e-08
3.34691e-08
3.50392e-08
3.7848e-08
4.1489e-08
4.50954e-08
4.77867e-08
4.9241e-08
4.84345e-08
4.51223e-08
4.00771e-08
3.45218e-08
2.92801e-08
2.46515e-08
2.06824e-08
1.72876e-08
1.45929e-08
1.2545e-08
1.08127e-08
8.97585e-09
6.83719e-09
4.58296e-09
2.61049e-09
1.20518e-09
4.36981e-10
1.38535e-10
4.84609e-11
2.21263e-11
8.34542e-08
5.51993e-08
4.92242e-08
4.69549e-08
4.267e-08
3.70627e-08
3.20694e-08
2.85447e-08
2.6417e-08
2.45587e-08
2.25141e-08
2.04918e-08
1.8964e-08
1.82496e-08
1.84487e-08
1.9826e-08
2.26656e-08
2.65917e-08
3.04466e-08
3.28434e-08
3.3513e-08
3.22106e-08
2.94536e-08
2.61456e-08
2.29175e-08
1.99909e-08
1.7383e-08
1.50216e-08
1.28688e-08
1.10676e-08
9.54523e-09
8.03734e-09
6.31585e-09
4.42287e-09
2.6525e-09
1.30178e-09
5.07267e-10
1.68571e-10
5.67141e-11
2.50837e-11
1.61613e-08
1.05465e-08
9.58012e-09
1.02613e-08
1.20098e-08
1.34549e-08
1.41685e-08
1.35446e-08
1.24327e-08
1.12168e-08
1.00407e-08
9.06719e-09
8.43651e-09
8.24252e-09
8.49363e-09
9.23986e-09
1.07028e-08
1.30278e-08
1.59038e-08
1.84105e-08
1.99158e-08
2.00666e-08
1.91187e-08
1.76724e-08
1.61845e-08
1.48174e-08
1.35651e-08
1.24247e-08
1.11211e-08
9.79838e-09
8.54554e-09
7.28003e-09
5.84512e-09
4.22882e-09
2.64264e-09
1.36435e-09
5.65311e-10
1.97997e-10
6.59466e-11
2.82491e-11
4.53947e-09
3.48917e-09
3.0694e-09
3.08622e-09
3.43318e-09
3.98083e-09
4.45757e-09
4.6953e-09
4.67307e-09
4.44068e-09
4.11811e-09
3.83597e-09
3.67979e-09
3.70694e-09
3.93303e-09
4.35923e-09
5.09036e-09
6.28568e-09
7.95995e-09
9.72887e-09
1.11001e-08
1.17219e-08
1.16555e-08
1.12458e-08
1.07923e-08
1.04084e-08
1.00753e-08
9.82127e-09
9.35576e-09
8.59587e-09
7.6757e-09
6.63867e-09
5.4241e-09
4.02328e-09
2.59769e-09
1.39814e-09
6.10038e-10
2.24198e-10
7.55784e-11
3.16674e-11
3.5455e-09
2.4712e-09
1.89198e-09
1.62873e-09
1.56577e-09
1.63188e-09
1.75458e-09
1.8731e-09
1.93653e-09
1.92624e-09
1.87108e-09
1.81997e-09
1.8124e-09
1.87725e-09
2.02762e-09
2.2669e-09
2.63561e-09
3.22944e-09
4.12428e-09
5.18353e-09
6.14865e-09
6.75793e-09
6.99358e-09
7.03604e-09
7.0682e-09
7.16855e-09
7.32157e-09
7.54846e-09
7.70838e-09
7.45771e-09
6.88057e-09
6.07012e-09
5.04261e-09
3.81649e-09
2.5295e-09
1.40868e-09
6.41809e-10
2.46149e-10
8.4734e-11
3.523e-11
4.9801e-09
2.86021e-09
1.80983e-09
1.31439e-09
1.07994e-09
9.90846e-10
9.77253e-10
9.96277e-10
1.01894e-09
1.03002e-09
1.03175e-09
1.03767e-09
1.06286e-09
1.12043e-09
1.2187e-09
1.36217e-09
1.56785e-09
1.87811e-09
2.34173e-09
2.93541e-09
3.55648e-09
4.02414e-09
4.30754e-09
4.49817e-09
4.70449e-09
4.98329e-09
5.33215e-09
5.77068e-09
6.28141e-09
6.41829e-09
6.14782e-09
5.55204e-09
4.69094e-09
3.61234e-09
2.44589e-09
1.40082e-09
6.6172e-10
2.63374e-10
9.28685e-11
3.85411e-11
8.82041e-09
4.31794e-09
2.23677e-09
1.37512e-09
9.72629e-10
7.8768e-10
7.07766e-10
6.78759e-10
6.72972e-10
6.76634e-10
6.85475e-10
7.01572e-10
7.29832e-10
7.75836e-10
8.44188e-10
9.38405e-10
1.06667e-09
1.2482e-09
1.50824e-09
1.84817e-09
2.22848e-09
2.56054e-09
2.81171e-09
3.025e-09
3.26421e-09
3.57253e-09
3.96214e-09
4.45183e-09
5.10287e-09
5.50323e-09
5.4801e-09
5.07508e-09
4.36263e-09
3.41205e-09
2.35182e-09
1.37851e-09
6.71143e-10
2.75784e-10
9.96063e-11
4.13553e-11
1.63543e-08
7.35023e-09
3.17638e-09
1.66678e-09
1.02424e-09
7.36698e-10
6.04475e-10
5.44739e-10
5.20802e-10
5.15738e-10
5.22126e-10
5.37731e-10
5.63154e-10
6.00391e-10
6.51771e-10
7.19623e-10
8.08346e-10
9.27305e-10
1.08947e-09
1.29938e-09
1.5417e-09
1.77559e-09
1.97955e-09
2.17281e-09
2.39328e-09
2.67373e-09
3.03737e-09
3.49906e-09
4.1485e-09
4.71881e-09
4.88114e-09
4.63625e-09
4.05417e-09
3.21603e-09
2.25054e-09
1.34482e-09
6.71474e-10
2.83532e-10
1.04721e-10
4.35159e-11
2.84912e-08
1.25829e-08
4.74821e-09
2.17136e-09
1.17647e-09
7.58207e-10
5.70559e-10
4.83903e-10
4.45704e-10
4.33075e-10
4.35583e-10
4.48634e-10
4.70689e-10
5.01889e-10
5.43204e-10
5.96042e-10
6.62942e-10
7.48863e-10
8.60806e-10
1.00262e-09
1.16836e-09
1.33926e-09
1.50321e-09
1.66937e-09
1.86097e-09
2.10211e-09
2.41437e-09
2.81795e-09
3.40768e-09
4.05654e-09
4.35077e-09
4.23467e-09
3.76409e-09
3.02469e-09
2.14432e-09
1.30212e-09
6.6399e-10
2.86908e-10
1.08106e-10
4.49276e-11
4.35187e-08
1.97607e-08
6.89775e-09
2.8487e-09
1.39847e-09
8.21373e-10
5.71641e-10
4.57783e-10
4.06457e-10
3.87015e-10
3.85683e-10
3.96021e-10
4.15162e-10
4.42159e-10
4.77133e-10
5.20833e-10
5.74779e-10
6.41802e-10
7.25952e-10
8.30101e-10
9.52187e-10
1.08355e-09
1.21781e-09
1.35995e-09
1.52478e-09
1.73012e-09
1.99459e-09
2.33871e-09
2.83845e-09
3.49589e-09
3.8831e-09
3.86937e-09
3.49228e-09
2.83876e-09
2.03489e-09
1.25224e-09
6.49777e-10
2.86247e-10
1.0974e-10
4.55442e-11
5.34064e-08
2.6576e-08
8.9996e-09
3.50964e-09
1.63093e-09
9.01071e-10
5.90222e-10
4.49727e-10
3.85917e-10
3.6016e-10
3.55255e-10
3.63095e-10
3.79818e-10
4.03755e-10
4.3446e-10
4.72217e-10
5.17935e-10
5.73334e-10
6.4093e-10
7.22877e-10
8.18804e-10
9.24793e-10
1.03765e-09
1.16048e-09
1.30322e-09
1.47926e-09
1.70425e-09
1.99782e-09
2.41687e-09
3.01204e-09
3.46492e-09
3.53736e-09
3.23955e-09
2.65969e-09
1.92378e-09
1.19647e-09
6.29627e-10
2.81856e-10
1.09652e-10
4.53596e-11
3.94547e-08
2.0428e-08
7.90564e-09
3.37212e-09
1.63535e-09
9.09915e-10
5.88499e-10
4.40329e-10
3.72266e-10
3.44241e-10
3.37954e-10
3.44641e-10
3.60033e-10
3.82156e-10
4.10292e-10
4.4447e-10
4.85266e-10
5.33851e-10
5.91967e-10
6.61244e-10
7.4184e-10
8.31835e-10
9.29708e-10
1.03796e-09
1.16399e-09
1.3184e-09
1.51476e-09
1.77201e-09
2.13533e-09
2.65768e-09
3.12034e-09
3.25445e-09
3.01386e-09
2.48636e-09
1.80486e-09
1.12842e-09
5.99406e-10
2.71862e-10
1.0725e-10
4.45382e-11
2.55243e-08
1.32513e-08
6.01152e-09
2.87563e-09
1.48911e-09
8.58537e-10
5.64608e-10
4.25214e-10
3.60339e-10
3.33594e-10
3.2775e-10
3.34367e-10
3.49256e-10
3.70415e-10
3.9704e-10
4.29028e-10
4.66771e-10
5.11121e-10
5.63353e-10
6.24714e-10
6.95524e-10
7.74841e-10
8.6207e-10
9.59417e-10
1.07275e-09
1.21079e-09
1.38542e-09
1.61442e-09
1.93415e-09
2.38797e-09
2.8273e-09
2.99665e-09
2.80672e-09
2.32318e-09
1.68824e-09
1.05829e-09
5.66e-10
2.59473e-10
1.03577e-10
4.29893e-11
1.84988e-08
8.83078e-09
4.62023e-09
2.45659e-09
1.35512e-09
8.10833e-10
5.43679e-10
4.13174e-10
3.51565e-10
3.26113e-10
3.20702e-10
3.27247e-10
3.41671e-10
3.61982e-10
3.87325e-10
4.17508e-10
4.52779e-10
4.93767e-10
5.41429e-10
5.96743e-10
6.60105e-10
7.31123e-10
8.09702e-10
8.97762e-10
1.00005e-09
1.12386e-09
1.27968e-09
1.48374e-09
1.76551e-09
2.15887e-09
2.56417e-09
2.75376e-09
2.60959e-09
2.17224e-09
1.57839e-09
9.90239e-10
5.32207e-10
2.4606e-10
9.91e-11
4.08713e-11
1.41872e-08
6.31647e-09
3.67146e-09
2.12193e-09
1.23802e-09
7.67846e-10
5.25545e-10
4.03663e-10
3.45257e-10
3.21045e-10
3.16018e-10
3.22461e-10
3.3643e-10
3.5596e-10
3.8017e-10
4.08801e-10
4.41995e-10
4.80211e-10
5.24175e-10
5.74665e-10
6.32084e-10
6.96338e-10
7.67579e-10
8.47462e-10
9.39884e-10
1.05105e-09
1.19026e-09
1.37204e-09
1.62044e-09
1.96146e-09
2.32815e-09
2.52565e-09
2.42043e-09
2.0293e-09
1.47712e-09
9.25363e-10
4.98626e-10
2.31947e-10
9.39917e-11
3.83055e-11
1.13819e-08
4.84237e-09
3.02107e-09
1.8598e-09
1.13863e-09
7.30132e-10
5.10102e-10
3.96294e-10
3.40922e-10
3.17851e-10
3.13135e-10
3.19432e-10
3.32935e-10
3.51719e-10
3.7489e-10
4.02139e-10
4.33521e-10
4.69364e-10
5.10216e-10
5.56687e-10
6.09146e-10
6.67638e-10
7.32417e-10
8.04892e-10
8.88312e-10
9.88027e-10
1.1123e-09
1.274e-09
1.49288e-09
1.78879e-09
2.1163e-09
2.31228e-09
2.23915e-09
1.8919e-09
1.38293e-09
8.65163e-10
4.65901e-10
2.17443e-10
8.8418e-11
3.5413e-11
9.4628e-09
3.92368e-09
2.5629e-09
1.65529e-09
1.05577e-09
6.97747e-10
4.97208e-10
3.90762e-10
3.38183e-10
3.16127e-10
3.11639e-10
3.17738e-10
3.30753e-10
3.48805e-10
3.70995e-10
3.96974e-10
4.26725e-10
4.60467e-10
4.98603e-10
5.41592e-10
5.89742e-10
6.43142e-10
7.0206e-10
7.67687e-10
8.42764e-10
9.31955e-10
1.04262e-09
1.18612e-09
1.37875e-09
1.63556e-09
1.92571e-09
2.11355e-09
2.06594e-09
1.75981e-09
1.29295e-09
8.10532e-10
4.34766e-10
2.02847e-10
8.25361e-11
3.23164e-11
8.09236e-09
3.31342e-09
2.23071e-09
1.49538e-09
9.87435e-10
6.70417e-10
4.86671e-10
3.868e-10
3.36738e-10
3.15559e-10
3.11214e-10
3.17061e-10
3.29561e-10
3.46884e-10
3.68128e-10
3.92912e-10
4.21156e-10
4.52986e-10
4.88675e-10
5.28552e-10
5.72839e-10
6.21613e-10
6.75111e-10
7.3433e-10
8.01607e-10
8.81047e-10
9.79226e-10
1.10615e-09
1.27538e-09
1.4985e-09
1.75369e-09
1.92914e-09
1.90109e-09
1.63297e-09
1.20687e-09
7.59579e-10
4.06152e-10
1.88449e-10
7.64932e-11
2.91399e-11
7.08021e-09
2.88619e-09
1.98384e-09
1.36978e-09
9.31456e-10
6.4768e-10
4.78249e-10
3.84167e-10
3.3633e-10
3.15891e-10
3.11608e-10
3.17153e-10
3.29113e-10
3.45704e-10
3.66026e-10
3.89668e-10
4.16494e-10
4.46545e-10
4.79982e-10
5.17009e-10
5.57757e-10
6.02256e-10
6.50688e-10
7.03881e-10
7.63847e-10
8.34226e-10
9.20904e-10
1.03269e-09
1.18098e-09
1.37485e-09
1.59792e-09
1.75859e-09
1.74492e-09
1.51141e-09
1.12451e-09
7.11117e-10
3.80324e-10
1.74538e-10
7.04262e-11
2.60086e-11
6.31286e-09
2.57496e-09
1.7967e-09
1.2706e-09
8.85793e-10
6.28983e-10
4.71678e-10
3.82634e-10
3.3674e-10
3.16909e-10
3.12614e-10
3.17816e-10
3.29216e-10
3.45074e-10
3.64493e-10
3.87034e-10
4.1251e-10
4.40886e-10
4.7222e-10
5.06602e-10
5.44066e-10
5.84581e-10
6.28262e-10
6.75795e-10
7.28922e-10
7.90887e-10
8.66962e-10
9.64906e-10
1.09437e-09
1.26255e-09
1.45653e-09
1.60136e-09
1.59776e-09
1.39531e-09
1.04574e-09
6.64947e-10
3.56536e-10
1.61431e-10
6.44622e-11
2.3045e-11
5.719e-09
2.34139e-09
1.65256e-09
1.19185e-09
8.48646e-10
6.13758e-10
4.6668e-10
3.81986e-10
3.3777e-10
3.18428e-10
3.14062e-10
3.18887e-10
3.29715e-10
3.44843e-10
3.63379e-10
3.84859e-10
4.09048e-10
4.35838e-10
4.65196e-10
4.97105e-10
5.31509e-10
5.68308e-10
6.07549e-10
6.49792e-10
6.96557e-10
7.50739e-10
8.1706e-10
9.02349e-10
1.01482e-09
1.16024e-09
1.32807e-09
1.45689e-09
1.45987e-09
1.28492e-09
9.70535e-10
6.20944e-10
3.34095e-10
1.49534e-10
5.87176e-11
2.03656e-11
5.25184e-09
2.16223e-09
1.54019e-09
1.12905e-09
8.18492e-10
6.0147e-10
4.62989e-10
3.82025e-10
3.39245e-10
3.2029e-10
3.15804e-10
3.20233e-10
3.30486e-10
3.44897e-10
3.62576e-10
3.83037e-10
4.05999e-10
4.31291e-10
4.58793e-10
4.88395e-10
5.19952e-10
5.53301e-10
5.88421e-10
6.25767e-10
6.66662e-10
7.13693e-10
7.71076e-10
8.44816e-10
9.4194e-10
1.06709e-09
1.2115e-09
1.32473e-09
1.33155e-09
1.18059e-09
8.98987e-10
5.79065e-10
3.12745e-10
1.38839e-10
5.32956e-11
1.80747e-11
4.87967e-09
2.02261e-09
1.4518e-09
1.07882e-09
7.94077e-10
5.91635e-10
4.60356e-10
3.8257e-10
3.41008e-10
3.22352e-10
3.17712e-10
3.21738e-10
3.31425e-10
3.45142e-10
3.62e-10
3.81491e-10
4.03295e-10
4.2718e-10
4.52952e-10
4.80415e-10
5.09346e-10
5.39519e-10
5.70858e-10
6.03719e-10
6.39259e-10
6.79778e-10
7.29029e-10
7.92283e-10
8.75558e-10
9.82633e-10
1.10616e-09
1.20458e-09
1.21311e-09
1.08278e-09
8.31324e-10
5.39364e-10
2.92507e-10
1.29156e-10
4.82959e-11
1.62586e-11
4.58038e-09
1.91264e-09
1.38189e-09
1.03862e-09
7.7438e-10
5.83829e-10
4.58556e-10
3.83458e-10
3.42922e-10
3.24491e-10
3.19678e-10
3.23306e-10
3.32449e-10
3.45506e-10
3.61589e-10
3.80171e-10
4.00894e-10
4.23476e-10
4.47653e-10
4.73155e-10
4.99692e-10
5.26984e-10
5.549e-10
5.83715e-10
6.14433e-10
6.49095e-10
6.91025e-10
7.44839e-10
8.15704e-10
9.06725e-10
1.01172e-09
1.09632e-09
1.10499e-09
9.92104e-10
7.67936e-10
5.02017e-10
2.73473e-10
1.20364e-10
4.38238e-11
1.49808e-11
4.33828e-09
1.82558e-09
1.32654e-09
1.00651e-09
7.58585e-10
5.77695e-10
4.57392e-10
3.84545e-10
3.44863e-10
3.26601e-10
3.21605e-10
3.24853e-10
3.33486e-10
3.45929e-10
3.61296e-10
3.79042e-10
3.98777e-10
4.20171e-10
4.42902e-10
4.66639e-10
4.91031e-10
5.15751e-10
5.40624e-10
5.65852e-10
5.92301e-10
6.21777e-10
6.57215e-10
7.02652e-10
7.62533e-10
8.39432e-10
9.2812e-10
1.00009e-09
1.00776e-09
9.09326e-10
7.09397e-10
4.67338e-10
2.5581e-10
1.12404e-10
3.99949e-11
1.4282e-11
4.14209e-09
1.75672e-09
1.2829e-09
9.81065e-10
7.46043e-10
5.72933e-10
4.56696e-10
3.85707e-10
3.46727e-10
3.28586e-10
3.23411e-10
3.26309e-10
3.34478e-10
3.46366e-10
3.61088e-10
3.78085e-10
3.96937e-10
4.17274e-10
4.38726e-10
4.60906e-10
4.83418e-10
5.05896e-10
5.28123e-10
5.5024e-10
5.72993e-10
5.97973e-10
6.27773e-10
6.65928e-10
7.16276e-10
7.80968e-10
8.5554e-10
9.16194e-10
9.22109e-10
8.35377e-10
6.56467e-10
4.35778e-10
2.39753e-10
1.05285e-10
3.68927e-11
1.41827e-11
3.98366e-09
1.70274e-09
1.24891e-09
9.61184e-10
7.3625e-10
5.69302e-10
4.56323e-10
3.86837e-10
3.4842e-10
3.30366e-10
3.25026e-10
3.27613e-10
3.35376e-10
3.4678e-10
3.60941e-10
3.77288e-10
3.95377e-10
4.14803e-10
4.35157e-10
4.56008e-10
4.76922e-10
4.975e-10
5.17495e-10
5.36992e-10
5.56635e-10
5.7783e-10
6.02875e-10
6.34884e-10
6.77197e-10
7.31622e-10
7.9427e-10
8.45092e-10
8.48849e-10
7.71299e-10
6.10048e-10
4.0791e-10
2.25597e-10
9.91256e-11
3.44815e-11
1.4689e-11
3.85733e-09
1.66132e-09
1.22308e-09
9.46066e-10
7.28814e-10
5.66606e-10
4.56157e-10
3.87845e-10
3.49868e-10
3.31872e-10
3.2639e-10
3.28717e-10
3.3614e-10
3.47142e-10
3.60839e-10
3.76648e-10
3.94106e-10
4.12782e-10
4.32234e-10
4.51999e-10
4.7161e-10
4.90647e-10
5.08834e-10
5.26215e-10
5.43347e-10
5.61485e-10
5.82687e-10
6.09729e-10
6.45554e-10
6.91696e-10
7.44657e-10
7.87285e-10
7.88799e-10
7.1816e-10
5.71117e-10
3.84378e-10
2.13667e-10
9.40396e-11
3.27383e-11
1.58017e-11
3.76e-09
1.63086e-09
1.20436e-09
9.35135e-10
7.23452e-10
5.64698e-10
4.56106e-10
3.8866e-10
3.51005e-10
3.33049e-10
3.27454e-10
3.29579e-10
3.3674e-10
3.47431e-10
3.60769e-10
3.76163e-10
3.93137e-10
4.11237e-10
4.29997e-10
4.48931e-10
4.6755e-10
4.85415e-10
5.02231e-10
5.1801e-10
5.33241e-10
5.49066e-10
5.67361e-10
5.90648e-10
6.21574e-10
6.61459e-10
7.07028e-10
7.43251e-10
7.42715e-10
6.76961e-10
5.40627e-10
3.65831e-10
2.04289e-10
9.01242e-11
3.16314e-11
1.7516e-11
3.6932e-09
1.61077e-09
1.19225e-09
9.2812e-10
7.20031e-10
5.63508e-10
4.56122e-10
3.89238e-10
3.51793e-10
3.33859e-10
3.28185e-10
3.30171e-10
3.37153e-10
3.47634e-10
3.60728e-10
3.75841e-10
3.92485e-10
4.10195e-10
4.28487e-10
4.4686e-10
4.64809e-10
4.81883e-10
4.97777e-10
5.12477e-10
5.2643e-10
5.407e-10
5.5704e-10
5.77805e-10
6.05447e-10
6.41129e-10
6.81656e-10
7.13406e-10
7.11249e-10
6.4857e-10
5.19432e-10
3.52866e-10
1.97755e-10
8.74473e-11
3.10822e-11
1.97196e-11
3.67051e-09
1.60303e-09
1.18776e-09
9.25556e-10
7.18776e-10
5.63064e-10
4.56122e-10
3.89448e-10
3.52083e-10
3.34159e-10
3.28458e-10
3.30395e-10
3.37312e-10
3.47714e-10
3.60719e-10
3.75727e-10
3.92248e-10
4.09811e-10
4.27927e-10
4.46088e-10
4.63782e-10
4.80557e-10
4.96098e-10
5.10387e-10
5.23851e-10
5.37527e-10
5.53121e-10
5.72928e-10
5.99324e-10
6.33409e-10
6.71954e-10
7.0187e-10
6.98942e-10
6.37324e-10
5.10932e-10
3.47607e-10
1.9509e-10
8.63548e-11
3.09414e-11
1.78762e-11
3.66162e-09
1.60051e-09
1.18632e-09
9.24734e-10
7.18376e-10
5.62924e-10
4.56124e-10
3.89517e-10
3.52177e-10
3.34257e-10
3.28546e-10
3.30467e-10
3.37362e-10
3.4774e-10
3.60715e-10
3.75688e-10
3.92169e-10
4.09683e-10
4.27741e-10
4.4583e-10
4.63441e-10
4.80115e-10
4.95539e-10
5.09689e-10
5.22989e-10
5.36465e-10
5.51808e-10
5.7129e-10
5.97265e-10
6.30807e-10
6.6867e-10
6.97944e-10
6.94734e-10
6.33463e-10
5.08009e-10
3.45801e-10
1.9418e-10
8.59871e-11
3.0909e-11
1.71818e-11
)
;

boundaryField
{
    inlet
    {
        type            turbulentMixingLengthDissipationRateInlet;
        mixingLength    0.0385272;
        phi             phi;
        k               k;
        value           uniform 2.27264e-08;
    }
    outlet
    {
        type            zeroGradient;
    }
    hopper_outlet
    {
        type            zeroGradient;
    }
    Wall
    {
        type            epsilonWallFunction;
        blending        stepwise;
        value           nonuniform List<scalar> 
129
(
2.02106e-05
2.76961e-05
3.69404e-05
4.4495e-05
5.07597e-05
5.56307e-05
5.94033e-05
6.23776e-05
6.47629e-05
6.66516e-05
6.80565e-05
6.89449e-05
7.25549e-05
7.77917e-05
8.31885e-05
8.89867e-05
9.53819e-05
0.000102536
0.000110551
0.00011949
0.000129376
0.000140191
0.000151882
0.000164359
0.000177493
0.000191102
0.000204907
0.000218472
0.000231187
0.000242307
0.000250873
0.000255256
0.000243442
0.000229465
0.000212859
0.000191647
0.000166785
0.000139714
0.000112795
8.83292e-05
6.7798e-05
5.14734e-05
3.87735e-05
2.88873e-05
2.11811e-05
1.50242e-05
7.73429e-06
5.6512e-07
1.13456e-06
9.20455e-07
1.10987e-06
1.13203e-06
1.08928e-06
9.93207e-07
8.72027e-07
7.45667e-07
6.18728e-07
4.96625e-07
3.85755e-07
2.89299e-07
2.10846e-07
1.47455e-07
1.15029e-07
9.25467e-08
7.54375e-08
6.26995e-08
5.42118e-08
4.98796e-08
1.529e-07
3.94547e-08
2.55243e-08
1.84988e-08
1.41872e-08
1.13819e-08
9.4628e-09
8.09236e-09
7.08021e-09
6.31286e-09
5.719e-09
5.25184e-09
4.87967e-09
4.58038e-09
4.33828e-09
4.14209e-09
3.98366e-09
3.85733e-09
3.76e-09
3.6932e-09
3.67051e-09
3.66162e-09
3.79119e-12
4.64185e-12
6.10176e-12
7.85892e-12
9.82668e-12
1.19701e-11
1.42744e-11
1.67336e-11
1.93484e-11
2.21263e-11
2.50837e-11
2.82491e-11
3.16674e-11
3.523e-11
3.85411e-11
4.13553e-11
4.35159e-11
4.49276e-11
4.55442e-11
4.53596e-11
4.45382e-11
4.29893e-11
4.08713e-11
3.83055e-11
3.5413e-11
3.23164e-11
2.91399e-11
2.60086e-11
2.3045e-11
2.03656e-11
1.80747e-11
1.62586e-11
1.49808e-11
1.4282e-11
1.41827e-11
1.4689e-11
1.58017e-11
1.7516e-11
1.97196e-11
)
;
    }
    bottom
    {
        type            slip;
    }
    top
    {
        type            symmetryPlane;
    }
    front
    {
        type            wedge;
    }
    back
    {
        type            wedge;
    }
}


// ************************************************************************* //
