/*--------------------------------*- C++ -*----------------------------------*\
| =========                 |                                                 |
| \\      /  F ield         | OpenFOAM: The Open Source CFD Toolbox           |
|  \\    /   O peration     | Version:  2312                                  |
|   \\  /    A nd           | Website:  www.openfoam.com                      |
|    \\/     M anipulation  |                                                 |
\*---------------------------------------------------------------------------*/
FoamFile
{
    version     2.0;
    format      ascii;
    arch        "LSB;label=32;scalar=64";
    class       volScalarField;
    location    "13122.1";
    object      k;
}
// * * * * * * * * * * * * * * * * * * * * * * * * * * * * * * * * * * * * * //

dimensions      [0 2 -2 0 0 0 0];

internalField   nonuniform List<scalar> 
3780
(
6.40159e-05
0.000119402
0.000159614
0.000187731
0.000206852
0.000218957
0.000225749
0.000229188
0.00023195
0.000237639
0.000250125
0.000270173
0.000295125
0.000319154
0.000334716
0.000334197
0.00031555
0.000282162
0.000240069
0.000196865
0.000162004
0.000138596
0.000121681
0.000110233
0.000102913
9.85021e-05
9.61099e-05
9.51991e-05
9.54792e-05
9.67599e-05
9.88277e-05
0.00010147
0.000104555
0.000107949
0.000111494
0.0001151
0.000118694
0.000122179
0.000125148
0.000126236
8.20114e-05
0.000151586
0.000201625
0.000237466
0.00026292
0.000279667
0.000288852
0.000291848
0.000290911
0.000289746
0.000292812
0.000301738
0.000315313
0.000328953
0.000335586
0.000327851
0.000303891
0.000266854
0.000222902
0.000179651
0.000146113
0.000124524
0.000109566
9.98747e-05
9.40092e-05
9.07831e-05
8.93651e-05
8.92422e-05
9.00874e-05
9.16546e-05
9.3716e-05
9.60172e-05
9.83464e-05
0.000100506
0.000102324
0.000103802
0.000104788
0.000105148
0.000104677
0.00010307
0.000103214
0.000191833
0.000255999
0.000303195
0.000338231
0.000362818
0.00037769
0.000383445
0.000381177
0.000373169
0.000363823
0.000356074
0.000351387
0.000348255
0.000342058
0.000326191
0.000297494
0.000257784
0.000212407
0.000168673
0.000135586
0.000114667
0.000100553
9.18331e-05
8.70462e-05
8.49983e-05
8.48444e-05
8.6032e-05
8.81862e-05
9.09569e-05
9.38561e-05
9.65094e-05
9.86052e-05
9.98869e-05
0.000100213
9.96036e-05
9.8228e-05
9.64631e-05
9.4769e-05
9.32192e-05
0.000121395
0.000224341
0.000301709
0.000360348
0.000405825
0.000439896
0.000462952
0.000474905
0.00047574
0.000466153
0.000448554
0.000426866
0.000404108
0.000381996
0.00035968
0.000333686
0.000299182
0.000256458
0.000209552
0.000165051
0.000132307
0.000111939
9.86652e-05
9.11007e-05
8.77808e-05
8.74399e-05
8.91097e-05
9.20763e-05
9.57825e-05
9.96043e-05
0.000103044
0.000105727
0.000107325
0.000107563
0.000106293
0.000103607
9.98978e-05
9.5924e-05
9.25514e-05
9.01966e-05
0.000137731
0.000251613
0.000340531
0.000409584
0.000464913
0.000508369
0.00054017
0.000559795
0.000566451
0.00055951
0.000539147
0.000508959
0.000472185
0.000432447
0.000392423
0.000352555
0.000310897
0.000264482
0.000215372
0.000169824
0.000137334
0.000117357
0.000104689
9.7948e-05
9.56211e-05
9.63438e-05
9.90045e-05
0.000102728
0.000106812
0.000110628
0.000113786
0.000115971
0.000116882
0.000116224
0.000113774
0.000109524
0.000103821
9.76376e-05
9.22153e-05
8.84685e-05
0.000152179
0.000273047
0.000370982
0.000448303
0.000511588
0.000562856
0.000602316
0.000629289
0.000642602
0.00064085
0.000622721
0.000590217
0.000545876
0.000493594
0.000438004
0.000383067
0.000330573
0.000279823
0.000229224
0.000182175
0.000149736
0.000129773
0.000117072
0.00011024
0.000107716
0.00010808
0.000110171
0.000113091
0.000116149
0.00011887
0.000120987
0.000122272
0.000122456
0.000121209
0.000118183
0.000113151
0.000106212
9.8261e-05
9.07663e-05
8.5293e-05
0.000165289
0.000290081
0.000394444
0.000477566
0.000546384
0.000603121
0.000648103
0.000680726
0.00069982
0.000703843
0.000691101
0.000660416
0.000614032
0.000555164
0.000488772
0.000420811
0.000356508
0.00029852
0.0002466
0.00019981
0.000167297
0.000146957
0.000133442
0.000125377
0.000121247
0.000119691
0.000119623
0.000120257
0.000121054
0.000121743
0.000122194
0.00012227
0.000121746
0.000120261
0.000117328
0.00011243
0.000105257
9.63604e-05
8.71155e-05
7.97389e-05
0.00017757
0.000304521
0.000413197
0.000499866
0.000571793
0.000631406
0.00067921
0.000714808
0.000737256
0.000745184
0.000736856
0.000710283
0.000665851
0.000605704
0.000534142
0.000457609
0.000383521
0.000317881
0.000263011
0.000217765
0.000186544
0.000165848
0.000150974
0.000140746
0.000133872
0.000129196
0.000125825
0.000123152
0.000120857
0.000118873
0.000117195
0.000115782
0.000114472
0.00011292
0.000110547
0.000106561
0.000100161
9.12999e-05
8.08744e-05
7.15659e-05
0.000189368
0.000317985
0.000429582
0.000518117
0.00059118
0.000651364
0.000699354
0.000735022
0.000757791
0.000766728
0.000760499
0.000737302
0.000695955
0.000637503
0.000565187
0.00048495
0.000404997
0.000333676
0.000276046
0.000231766
0.000202849
0.000182775
0.000166554
0.000153791
0.000143652
0.000135328
0.000128205
0.000121892
0.00011629
0.00011146
0.000107458
0.000104303
0.000101913
0.00010003
9.81154e-05
9.52704e-05
9.0302e-05
8.24702e-05
7.17646e-05
6.08646e-05
0.00020081
0.000331571
0.00044532
0.000534619
0.000607399
0.000666354
0.000712315
0.000745436
0.000765578
0.000772377
0.000765133
0.000742658
0.000703236
0.000647011
0.000576418
0.000496524
0.000415252
0.000341913
0.000283435
0.000240525
0.000213688
0.000194396
0.000177595
0.00016277
0.000149624
0.000137875
0.000127288
0.000117754
0.000109347
0.000102106
9.60232e-05
9.10627e-05
8.71487e-05
8.41196e-05
8.16351e-05
7.90232e-05
7.51454e-05
6.89116e-05
5.9272e-05
4.81604e-05
0.000211867
0.000346087
0.000461702
0.000551063
0.000622486
0.000678673
0.000720531
0.000748467
0.0007628
0.000763829
0.00075173
0.000726344
0.00068678
0.000632565
0.000565381
0.000489322
0.00041132
0.000340258
0.000283452
0.000242162
0.00021658
0.000197744
0.00018057
0.000164562
0.000149699
0.000136025
0.000123577
0.000112403
0.000102542
9.39189e-05
8.64093e-05
7.98693e-05
7.41521e-05
6.91093e-05
6.45566e-05
6.01833e-05
5.54601e-05
4.99657e-05
4.29368e-05
3.47089e-05
0.000222399
0.000362014
0.000479801
0.00056908
0.000638759
0.000691501
0.000728272
0.000749756
0.000756731
0.000750075
0.000730466
0.000698135
0.000653579
0.000598313
0.000534308
0.000464626
0.000394542
0.000331133
0.000280294
0.000242908
0.00021946
0.000201351
0.000184126
0.000167541
0.000151743
0.000136941
0.00012341
0.000111364
0.000100715
9.12735e-05
8.27536e-05
7.48277e-05
6.72094e-05
5.96603e-05
5.20313e-05
4.43385e-05
3.68602e-05
3.02331e-05
2.58851e-05
2.25527e-05
0.000232157
0.00037829
0.000497426
0.000585011
0.000651259
0.000698831
0.000728802
0.000742241
0.000740558
0.000725672
0.000699796
0.000664989
0.000622901
0.000573816
0.000519215
0.000461047
0.000402531
0.000347984
0.000301151
0.000263125
0.00023783
0.00021749
0.00019879
0.000181165
0.000164427
0.000148561
0.000133577
0.00011965
0.00010734
9.67579e-05
8.73419e-05
7.82846e-05
6.90347e-05
5.89493e-05
4.78335e-05
3.65009e-05
2.66875e-05
1.94777e-05
1.43145e-05
1.05291e-05
0.000237964
0.000380222
0.000496965
0.000581959
0.000645664
0.000690857
0.000718565
0.000729962
0.000726357
0.000709724
0.000682681
0.000648019
0.000607867
0.000562685
0.000512563
0.000460089
0.000407808
0.000358549
0.000314792
0.000277614
0.000252253
0.000231971
0.000213799
0.000197105
0.000181606
0.000167243
0.000154035
0.000141973
0.000130913
0.000120916
0.00011228
0.000104811
9.73775e-05
8.78368e-05
7.44511e-05
5.74302e-05
4.13118e-05
3.0872e-05
2.5679e-05
2.31545e-05
0.000243316
0.000382315
0.000497226
0.000579856
0.000640664
0.000682686
0.00070738
0.00071602
0.000709767
0.000690473
0.000660809
0.000623919
0.00058291
0.000539783
0.000494603
0.000448309
0.000402582
0.000359226
0.000319856
0.000285368
0.000261081
0.000241438
0.000223718
0.000207353
0.00019202
0.000177586
0.000164049
0.000151498
0.000140095
0.000130089
0.000121819
0.000115619
0.000111591
0.000109337
0.000107898
0.000106121
0.000103471
0.000100338
9.73258e-05
9.48893e-05
0.000248648
0.000385083
0.000498199
0.000578417
0.000636215
0.000674732
0.000695574
0.000700293
0.000690717
0.000668926
0.00063684
0.000597675
0.000554971
0.000511653
0.0004694
0.000427678
0.000387663
0.000350228
0.00031604
0.000285481
0.000263256
0.000245034
0.000228357
0.0002128
0.000198106
0.000184154
0.000170913
0.00015841
0.000146705
0.000135889
0.000126092
0.000117495
0.000110303
0.000104665
0.000100537
9.76054e-05
9.53748e-05
9.33952e-05
9.14032e-05
8.93286e-05
0.000254231
0.000389249
0.000501022
0.000579081
0.000633969
0.000668908
0.000685609
0.000685775
0.000671506
0.000645334
0.000610032
0.000568251
0.00052312
0.000478422
0.000436786
0.000398467
0.000363319
0.000331522
0.000302899
0.00027716
0.000257942
0.000241978
0.000227084
0.000212959
0.000199426
0.000186405
0.000173889
0.000161911
0.000150529
0.00013981
0.000129826
0.000120653
0.000112368
0.00010505
9.87558e-05
9.34856e-05
8.91536e-05
8.55866e-05
8.2563e-05
7.9865e-05
0.000260216
0.000395094
0.00050617
0.000582576
0.000634949
0.000666546
0.000679114
0.00067445
0.000654833
0.000623088
0.000582465
0.000536414
0.000488188
0.000440695
0.000397814
0.000361534
0.000330128
0.000303281
0.000280101
0.00025958
0.00024403
0.000230972
0.000218522
0.000206462
0.000194679
0.00018314
0.000171863
0.0001609
0.000150317
0.000140182
0.00013056
0.00012151
0.00011308
0.00010531
9.8232e-05
9.18624e-05
8.61981e-05
8.12068e-05
7.68196e-05
7.29265e-05
0.000266611
0.000402665
0.000513831
0.000589306
0.000639852
0.00066872
0.00067761
0.000668301
0.000643139
0.000605128
0.00055786
0.000505326
0.000451631
0.0004005
0.000354552
0.000317334
0.00028864
0.00026592
0.000247658
0.000232202
0.000220523
0.000210643
0.000200994
0.0001914
0.000181785
0.000172144
0.00016252
0.000152979
0.000143596
0.000134452
0.000125617
0.000117156
0.000109122
0.000101559
9.44941e-05
8.79459e-05
8.19192e-05
7.64057e-05
7.13801e-05
6.67884e-05
0.000273336
0.000411819
0.000523924
0.000599321
0.000648952
0.000676026
0.000682128
0.00066892
0.000638676
0.000594422
0.000539911
0.000479499
0.000417919
0.000359901
0.000309487
0.000269172
0.000240913
0.00022096
0.000206626
0.000195535
0.000187407
0.000180512
0.000173592
0.000166483
0.000159128
0.000151537
0.000143761
0.000135872
0.000127954
0.00012009
0.000112359
0.00010483
9.75677e-05
9.0629e-05
8.40595e-05
7.78923e-05
7.2146e-05
6.68242e-05
6.19303e-05
5.74344e-05
0.000280243
0.000422254
0.000536141
0.000612374
0.000662128
0.000688562
0.000693105
0.00067723
0.000643029
0.000593391
0.000532025
0.000463402
0.000392624
0.00032518
0.000266404
0.000220409
0.000188805
0.000170453
0.000159193
0.000151625
0.000146392
0.000141924
0.000137254
0.000132241
0.000126845
0.000121082
0.000115009
0.000108699
0.00010224
9.57259e-05
8.92418e-05
8.2844e-05
7.65758e-05
7.05446e-05
6.48341e-05
5.95046e-05
5.45943e-05
5.0121e-05
4.60664e-05
4.24157e-05
0.000287129
0.000433533
0.000549976
0.00062794
0.000678886
0.000705931
0.000710333
0.000693343
0.000656806
0.000603369
0.000536532
0.000460634
0.000380817
0.000302939
0.000233296
0.000177733
0.000139668
0.000118222
0.000108998
0.000104293
0.000101389
9.87639e-05
9.57358e-05
9.22418e-05
8.83058e-05
8.39416e-05
7.9231e-05
7.42613e-05
6.90701e-05
6.38003e-05
5.86202e-05
5.37082e-05
4.92018e-05
4.50855e-05
4.13401e-05
3.79433e-05
3.48705e-05
3.20944e-05
2.95845e-05
2.73196e-05
0.00029376
0.000445099
0.000564742
0.000645246
0.000698396
0.000727279
0.00073299
0.000716549
0.000679538
0.000624317
0.000554081
0.000472878
0.000385614
0.000298084
0.000216968
0.000149433
0.000101375
7.3772e-05
6.15429e-05
5.7908e-05
5.66777e-05
5.55268e-05
5.39299e-05
5.18243e-05
4.91463e-05
4.59197e-05
4.2441e-05
3.89819e-05
3.58082e-05
3.29151e-05
3.02651e-05
2.78365e-05
2.56155e-05
2.35855e-05
2.17284e-05
2.00274e-05
1.84679e-05
1.70376e-05
1.57279e-05
1.45474e-05
0.000299879
0.000456291
0.000579591
0.000663291
0.000719521
0.000751348
0.000759709
0.00074541
0.000709774
0.000654873
0.000583584
0.000499595
0.000407429
0.000312518
0.000221351
0.000141559
8.11623e-05
4.49735e-05
2.90541e-05
2.36833e-05
2.19997e-05
2.11144e-05
2.02117e-05
1.90853e-05
1.77104e-05
1.6253e-05
1.48035e-05
1.34142e-05
1.21205e-05
1.09365e-05
9.86444e-06
8.90091e-06
8.03909e-06
7.27013e-06
6.58476e-06
5.97421e-06
5.43022e-06
4.94478e-06
4.51023e-06
4.12104e-06
0.000305217
0.000466356
0.000593535
0.00068089
0.00074088
0.000776554
0.000788703
0.000777922
0.000745294
0.00069262
0.000622472
0.000538193
0.000443902
0.000344565
0.000246179
0.000156068
8.30086e-05
3.54993e-05
1.45362e-05
8.69753e-06
7.27283e-06
6.73348e-06
6.34521e-06
5.99257e-06
5.65587e-06
5.34017e-06
5.04765e-06
4.77595e-06
4.52192e-06
4.28319e-06
4.05853e-06
3.84734e-06
3.64928e-06
3.46406e-06
3.29138e-06
3.13094e-06
2.98236e-06
2.84516e-06
2.7187e-06
2.6023e-06
0.000309485
0.000474454
0.000605456
0.000696697
0.000760911
0.000801121
0.000817965
0.000811833
0.00078357
0.000734713
0.000667538
0.000585052
0.000490986
0.000389865
0.000287177
0.000189733
0.000106118
4.63703e-05
1.67263e-05
8.5494e-06
6.92828e-06
6.41547e-06
6.10967e-06
5.86881e-06
5.65761e-06
5.46471e-06
5.28482e-06
5.11471e-06
4.94987e-06
4.78383e-06
4.61462e-06
4.44248e-06
4.26895e-06
4.09595e-06
3.92541e-06
3.75907e-06
3.59841e-06
3.44467e-06
3.29876e-06
3.16087e-06
0.000312339
0.000479613
0.00061407
0.000709181
0.000777868
0.000823106
0.000845375
0.000844859
0.000822167
0.000778567
0.000716025
0.000637179
0.000545326
0.000444475
0.000339532
0.000236674
0.000143929
7.15389e-05
2.91391e-05
1.37662e-05
1.03214e-05
9.32079e-06
8.79725e-06
8.40618e-06
8.06104e-06
7.73791e-06
7.42954e-06
7.13312e-06
6.8493e-06
6.58173e-06
6.32999e-06
6.0836e-06
5.83829e-06
5.59337e-06
5.35018e-06
5.11074e-06
4.87716e-06
4.65148e-06
4.43543e-06
4.2297e-06
0.000313352
0.000480679
0.00061783
0.000716487
0.000789632
0.000840158
0.000868391
0.000874321
0.000858341
0.000821471
0.000765372
0.000692296
0.000605039
0.000506975
0.000402225
0.000296047
0.0001955
0.000110271
5.19466e-05
2.4286e-05
1.64317e-05
1.41686e-05
1.31686e-05
1.25216e-05
1.1979e-05
1.147e-05
1.09759e-05
1.04932e-05
1.00227e-05
9.56587e-06
9.12579e-06
8.71306e-06
8.32729e-06
7.95414e-06
7.58745e-06
7.22613e-06
6.87182e-06
6.52713e-06
6.19478e-06
5.87629e-06
0.000312026
0.000476353
0.000614939
0.000716397
0.000793585
0.000849279
0.000883654
0.000896538
0.000888157
0.000859343
0.000811519
0.000746601
0.0006669
0.000575097
0.000474364
0.000368715
0.000263691
0.000167468
9.16969e-05
4.55515e-05
2.78571e-05
2.20818e-05
1.97678e-05
1.85616e-05
1.77058e-05
1.69578e-05
1.62405e-05
1.55316e-05
1.48264e-05
1.41256e-05
1.34312e-05
1.27466e-05
1.20809e-05
1.14536e-05
1.08651e-05
1.03005e-05
9.7534e-06
9.2233e-06
8.7131e-06
8.22598e-06
0.000307867
0.000465393
0.000603605
0.000706602
0.000786882
0.000847049
0.00088713
0.000906828
0.000906273
0.000886208
0.000847949
0.000793225
0.000724009
0.000642407
0.00055067
0.000451423
0.000348242
0.000246755
0.000156235
8.78889e-05
5.20347e-05
3.68224e-05
3.01422e-05
2.70286e-05
2.52401e-05
2.39196e-05
2.27615e-05
2.16681e-05
2.06186e-05
1.96157e-05
1.86638e-05
1.77592e-05
1.68882e-05
1.60318e-05
1.51809e-05
1.4343e-05
1.35151e-05
1.26942e-05
1.18893e-05
1.11184e-05
0.00030034
0.000446753
0.000582377
0.000685221
0.000767129
0.000830457
0.000875068
0.000900561
0.000907024
0.000895222
0.000866516
0.000822669
0.000765596
0.000697164
0.00061906
0.000532811
0.000440041
0.000343163
0.000246902
0.000161117
0.000103016
6.95515e-05
5.02145e-05
4.01544e-05
3.49852e-05
3.20512e-05
3.004e-05
2.83584e-05
2.67552e-05
2.5136e-05
2.34818e-05
2.18182e-05
2.02026e-05
1.87109e-05
1.7414e-05
1.6346e-05
1.54887e-05
1.47642e-05
1.40622e-05
1.32516e-05
0.000288553
0.000419312
0.000549911
0.000650597
0.000732245
0.000796884
0.000844175
0.000873596
0.000885195
0.000879796
0.000858912
0.000824485
0.000778599
0.000723204
0.000659915
0.000589911
0.000513947
0.000432479
0.000345927
0.000258839
0.000188777
0.00013879
0.000100625
7.38699e-05
5.64658e-05
4.55663e-05
3.85775e-05
3.36757e-05
2.97697e-05
2.62898e-05
2.30248e-05
2.00169e-05
1.7441e-05
1.54245e-05
1.39149e-05
1.27468e-05
1.18035e-05
1.10565e-05
1.04687e-05
1.00146e-05
0.000271926
0.000383673
0.000508298
0.000605922
0.000686227
0.000750794
0.00079893
0.000829831
0.000843378
0.000840436
0.000822807
0.000792817
0.000752959
0.000705532
0.000652329
0.00059444
0.000532153
0.000464925
0.000391379
0.000312173
0.000242823
0.00018866
0.000142294
0.000105112
7.73269e-05
5.78488e-05
4.4694e-05
3.57583e-05
2.93927e-05
2.45457e-05
2.06489e-05
1.74517e-05
1.48687e-05
1.28457e-05
1.12806e-05
1.00309e-05
8.94998e-06
7.89233e-06
6.82735e-06
6.17184e-06
0.000261414
0.00036414
0.000485731
0.000581417
0.000659761
0.000721449
0.000765159
0.000789806
0.000795646
0.000784279
0.000758359
0.000721182
0.000676153
0.000626281
0.00057378
0.000519887
0.000464894
0.0004084
0.00034985
0.000289299
0.000235482
0.000191842
0.000152248
0.000117945
8.97951e-05
6.79853e-05
5.19428e-05
4.05545e-05
3.25728e-05
2.69502e-05
2.2973e-05
2.02465e-05
1.86297e-05
1.81691e-05
1.90136e-05
2.11983e-05
2.41431e-05
2.59255e-05
2.29889e-05
9.82189e-06
0.000248644
0.000342359
0.000460128
0.000553207
0.000628967
0.000686971
0.000725311
0.00074296
0.00074053
0.00072031
0.000685898
0.000641598
0.000591723
0.000539948
0.000488861
0.000439805
0.000392971
0.00034766
0.000302655
0.000256892
0.000215894
0.000182021
0.000150323
0.000121639
9.67489e-05
7.61659e-05
5.99823e-05
4.78524e-05
3.91288e-05
3.30805e-05
2.90793e-05
2.66786e-05
2.5602e-05
2.5605e-05
2.62629e-05
2.68142e-05
2.62714e-05
2.38715e-05
1.91796e-05
8.54381e-06
0.000231835
0.000314816
0.000428413
0.000519374
0.000593464
0.00064889
0.000682952
0.000694462
0.000684425
0.000655925
0.000613573
0.000562705
0.000508485
0.000455106
0.000405299
0.000360251
0.00031988
0.000283277
0.000249183
0.000216011
0.000186375
0.000161634
0.000138011
0.000116023
9.62522e-05
7.92069e-05
6.51927e-05
5.42431e-05
4.61322e-05
4.04668e-05
3.67972e-05
3.47395e-05
3.38705e-05
3.36924e-05
3.35784e-05
3.28414e-05
3.09217e-05
2.74667e-05
2.1872e-05
9.6787e-06
0.000211321
0.000281353
0.000389788
0.000478536
0.000551391
0.000604939
0.000635557
0.000641866
0.000625291
0.000589763
0.000540951
0.000485216
0.00042849
0.000375304
0.000328274
0.000288164
0.000254385
0.000225629
0.000200384
0.00017684
0.000155973
0.000138485
0.000121595
0.000105603
9.09119e-05
7.79214e-05
6.69342e-05
5.80876e-05
5.1332e-05
4.64583e-05
4.31505e-05
4.10151e-05
3.96373e-05
3.8508e-05
3.71176e-05
3.50412e-05
3.19968e-05
2.77637e-05
2.16955e-05
9.80712e-06
0.000187784
0.000242512
0.000344363
0.000430579
0.000502619
0.000555202
0.000583616
0.000586184
0.000564706
0.000523956
0.000470663
0.000412182
0.00035508
0.000303986
0.000261114
0.000226561
0.000199119
0.000177091
0.000158984
0.000142759
0.000128492
0.000116513
0.000104857
9.36944e-05
8.32892e-05
7.39194e-05
6.58102e-05
5.90822e-05
5.37276e-05
4.96165e-05
4.65193e-05
4.41322e-05
4.20989e-05
4.00685e-05
3.77335e-05
3.48623e-05
3.12981e-05
2.68477e-05
2.08357e-05
9.55857e-06
0.000162811
0.000200469
0.000293417
0.000376064
0.000447232
0.000499588
0.000527105
0.000527585
0.000503046
0.000459048
0.000403393
0.000344401
0.000289131
0.000242048
0.000204667
0.000176244
0.00015494
0.000138758
0.000126163
0.000115232
0.000105684
9.7659e-05
8.98046e-05
8.22123e-05
7.50408e-05
6.84621e-05
6.2616e-05
5.75772e-05
5.33387e-05
4.98131e-05
4.68458e-05
4.4235e-05
4.1757e-05
3.91963e-05
3.63682e-05
3.31559e-05
2.94631e-05
2.50961e-05
1.93819e-05
8.98785e-06
0.00013832
0.000158953
0.00023985
0.000317028
0.000386621
0.000439224
0.000467188
0.000467378
0.000441708
0.000396409
0.000340369
0.000282877
0.000231333
0.000189736
0.000158643
0.000136401
0.000120665
0.000109321
0.000100828
9.36318e-05
8.73624e-05
8.20728e-05
7.68551e-05
7.17505e-05
6.68456e-05
6.22363e-05
5.79997e-05
5.4175e-05
5.07541e-05
4.76828e-05
4.48691e-05
4.21972e-05
3.95439e-05
3.67948e-05
3.38547e-05
3.06469e-05
2.70819e-05
2.29637e-05
1.76651e-05
8.24101e-06
0.000115954
0.000122421
0.000187951
0.000256895
0.000323335
0.000376154
0.000405749
0.000407415
0.000382444
0.000337541
0.000282735
0.000228327
0.000181896
0.000146662
0.000122021
0.000105486
9.44328e-05
8.68459e-05
8.13266e-05
7.67114e-05
7.26622e-05
6.9209e-05
6.57539e-05
6.23107e-05
5.89224e-05
5.56385e-05
5.2499e-05
4.9524e-05
4.6709e-05
4.40256e-05
4.14268e-05
3.88547e-05
3.62489e-05
3.3553e-05
3.07166e-05
2.76875e-05
2.43859e-05
2.06287e-05
1.58324e-05
7.42431e-06
9.65e-05
9.43144e-05
0.000142505
0.000200098
0.000260947
0.000313259
0.00034533
0.000350093
0.000327447
0.000284251
0.000231771
0.000181444
0.000140868
0.000112178
9.35224e-05
8.17927e-05
7.43598e-05
6.95594e-05
6.61278e-05
6.32527e-05
6.06712e-05
5.84208e-05
5.61149e-05
5.37549e-05
5.13607e-05
4.89572e-05
4.65658e-05
4.41985e-05
4.18559e-05
3.95272e-05
3.71933e-05
3.48298e-05
3.24108e-05
2.991e-05
2.72991e-05
2.45394e-05
2.15595e-05
1.81913e-05
1.39152e-05
6.55578e-06
7.98901e-05
7.55921e-05
0.000107164
0.000150977
0.000203312
0.000253605
0.000288513
0.000297821
0.00027894
0.000238329
0.000188629
0.000142681
0.00010801
8.54161e-05
7.18559e-05
6.38894e-05
5.91139e-05
5.6174e-05
5.41035e-05
5.23457e-05
5.07021e-05
4.92195e-05
4.76489e-05
4.59873e-05
4.42435e-05
4.24309e-05
4.05622e-05
3.86468e-05
3.66893e-05
3.46894e-05
3.2643e-05
3.0543e-05
2.83805e-05
2.61437e-05
2.38155e-05
2.1365e-05
1.87294e-05
1.57599e-05
1.20071e-05
5.66207e-06
6.56565e-05
6.49279e-05
8.31349e-05
0.000112674
0.000153965
0.000200027
0.000237514
0.000252721
0.000239026
0.000201453
0.000154194
0.000112063
8.2612e-05
6.51532e-05
5.557e-05
5.03375e-05
4.73894e-05
4.56434e-05
4.44267e-05
4.33603e-05
4.22974e-05
4.12934e-05
4.0187e-05
3.89743e-05
3.76599e-05
3.6252e-05
3.47599e-05
3.31922e-05
3.15557e-05
2.98551e-05
2.80934e-05
2.62715e-05
2.43881e-05
2.2438e-05
2.04094e-05
1.82773e-05
1.59875e-05
1.34125e-05
1.01728e-05
4.78443e-06
5.33881e-05
5.94372e-05
6.85912e-05
8.61568e-05
0.000115875
0.000155749
0.000195296
0.00021817
0.000211642
0.000177205
0.000130779
9.04139e-05
6.43612e-05
5.0477e-05
4.35867e-05
4.01207e-05
3.83163e-05
3.7286e-05
3.65653e-05
3.58965e-05
3.51734e-05
3.44569e-05
3.36377e-05
3.27126e-05
3.16847e-05
3.05598e-05
2.93459e-05
2.80507e-05
2.66819e-05
2.52462e-05
2.3749e-05
2.21944e-05
2.05837e-05
1.89147e-05
1.71787e-05
1.53549e-05
1.33978e-05
1.12009e-05
8.45062e-06
3.94929e-06
4.24628e-05
5.37727e-05
5.72814e-05
6.69978e-05
8.72345e-05
0.000120474
0.000162332
0.000196808
0.000202417
0.000172149
0.000123457
8.04493e-05
5.40155e-05
4.11374e-05
3.534e-05
3.26576e-05
3.13537e-05
3.06411e-05
3.01498e-05
2.96786e-05
2.9141e-05
2.85919e-05
2.79496e-05
2.7211e-05
2.63783e-05
2.54563e-05
2.44518e-05
2.33721e-05
2.22248e-05
2.10166e-05
1.97539e-05
1.84411e-05
1.70807e-05
1.56716e-05
1.4207e-05
1.267e-05
1.10235e-05
9.18073e-06
6.88908e-06
3.19838e-06
2.72742e-05
4.04206e-05
4.06647e-05
4.61891e-05
5.83296e-05
8.22688e-05
0.000122971
0.000172509
0.000200381
0.000179941
0.000127324
7.82011e-05
4.8477e-05
3.4791e-05
2.91127e-05
2.67074e-05
2.56535e-05
2.51363e-05
2.47998e-05
2.44633e-05
2.40498e-05
2.36126e-05
2.30898e-05
2.24801e-05
2.17863e-05
2.10136e-05
2.01686e-05
1.92583e-05
1.82901e-05
1.72707e-05
1.6206e-05
1.51005e-05
1.3957e-05
1.27751e-05
1.15495e-05
1.0267e-05
8.89784e-06
7.37299e-06
5.49257e-06
2.51995e-06
8.75988e-06
1.50363e-05
2.2321e-05
2.94189e-05
3.5851e-05
4.42632e-05
6.6299e-05
0.000113629
0.000163938
0.000161973
0.000111308
6.41524e-05
3.84028e-05
2.79568e-05
2.41026e-05
2.26498e-05
2.20965e-05
2.18498e-05
2.16666e-05
2.14259e-05
2.10807e-05
2.06995e-05
2.02352e-05
1.96896e-05
1.9067e-05
1.83733e-05
1.76154e-05
1.68003e-05
1.59348e-05
1.50254e-05
1.40779e-05
1.30967e-05
1.20846e-05
1.10417e-05
9.96408e-06
8.84079e-06
7.64687e-06
6.32364e-06
4.69979e-06
2.13545e-06
9.07113e-06
1.34323e-05
1.9067e-05
2.61187e-05
3.37446e-05
4.29052e-05
6.09641e-05
9.66445e-05
0.000136627
0.000133313
8.59205e-05
4.75183e-05
2.96317e-05
2.32478e-05
2.10709e-05
2.03237e-05
2.0049e-05
1.99139e-05
1.97703e-05
1.95396e-05
1.91975e-05
1.88229e-05
1.83718e-05
1.78471e-05
1.72537e-05
1.65976e-05
1.58853e-05
1.51233e-05
1.43181e-05
1.34756e-05
1.26011e-05
1.16987e-05
1.07712e-05
9.81884e-06
8.83852e-06
7.82104e-06
6.74523e-06
5.56084e-06
4.11889e-06
1.84724e-06
8.47951e-06
1.30836e-05
1.90905e-05
2.6042e-05
3.35579e-05
4.39531e-05
6.20974e-05
9.06144e-05
0.00011713
0.000101699
5.84449e-05
3.23984e-05
2.27894e-05
1.98533e-05
1.89661e-05
1.86705e-05
1.8544e-05
1.84337e-05
1.82648e-05
1.79941e-05
1.76191e-05
1.72258e-05
1.67672e-05
1.6246e-05
1.56667e-05
1.50347e-05
1.43558e-05
1.36357e-05
1.28801e-05
1.20943e-05
1.1283e-05
1.04501e-05
9.59792e-06
8.72724e-06
7.83569e-06
6.91581e-06
5.94985e-06
4.8946e-06
3.61875e-06
1.6119e-06
7.9652e-06
1.21849e-05
1.76829e-05
2.44368e-05
3.33302e-05
4.81661e-05
6.86373e-05
8.91487e-05
9.62091e-05
6.48754e-05
3.44579e-05
2.25354e-05
1.91467e-05
1.8244e-05
1.79552e-05
1.78096e-05
1.76701e-05
1.74834e-05
1.72192e-05
1.6858e-05
1.64153e-05
1.59796e-05
1.54939e-05
1.49595e-05
1.43795e-05
1.37579e-05
1.30992e-05
1.24082e-05
1.16895e-05
1.09478e-05
1.0187e-05
9.41057e-06
8.62099e-06
7.81909e-06
7.00327e-06
6.16751e-06
5.29674e-06
4.35302e-06
3.21812e-06
1.42491e-06
6.51499e-06
9.85414e-06
1.48976e-05
2.25698e-05
3.61534e-05
6.07521e-05
8.14444e-05
8.36015e-05
5.89186e-05
3.17252e-05
2.15386e-05
1.89441e-05
1.83128e-05
1.80721e-05
1.78777e-05
1.76502e-05
1.73716e-05
1.70348e-05
1.66307e-05
1.6151e-05
1.5623e-05
1.51327e-05
1.46092e-05
1.40513e-05
1.346e-05
1.28376e-05
1.21874e-05
1.15128e-05
1.08175e-05
1.01055e-05
9.38007e-06
8.64444e-06
7.90088e-06
7.15043e-06
6.39201e-06
5.62058e-06
4.82282e-06
3.96417e-06
2.93476e-06
1.29322e-06
4.31132e-06
6.776e-06
1.19371e-05
2.30244e-05
4.86569e-05
9.35971e-05
9.85376e-05
4.97538e-05
2.66088e-05
2.05841e-05
1.93964e-05
1.91208e-05
1.89096e-05
1.86243e-05
1.82674e-05
1.78592e-05
1.74131e-05
1.69316e-05
1.64076e-05
1.5833e-05
1.52388e-05
1.47062e-05
1.41528e-05
1.3575e-05
1.29721e-05
1.23451e-05
1.16962e-05
1.10281e-05
1.03437e-05
9.64652e-06
8.93958e-06
8.22577e-06
7.50735e-06
6.78544e-06
6.05923e-06
5.32419e-06
4.56789e-06
3.75747e-06
2.78705e-06
1.22337e-06
7.96726e-06
2.16891e-05
9.40061e-05
8.75255e-05
7.75344e-05
6.96166e-05
6.27439e-05
5.33751e-05
3.91508e-05
2.52264e-05
1.34408e-05
3.75607e-06
2.49091e-06
3.02447e-06
4.02142e-06
5.54775e-06
7.72078e-06
1.03279e-05
1.22389e-05
9.7768e-06
7.23896e-06
7.62094e-06
8.59243e-06
1.01912e-05
7.93208e-06
6.20934e-06
4.78316e-06
3.61322e-06
2.69185e-06
2.03135e-06
1.61094e-06
1.16164e-06
7.60558e-07
4.46669e-07
2.23765e-07
1.35128e-07
9.96237e-08
9.1674e-08
9.87086e-08
1.18385e-07
3.10932e-07
1.77122e-07
1.02541e-07
8.6151e-08
6.91657e-08
5.45844e-08
4.32368e-08
3.40611e-08
2.6509e-08
2.03928e-08
1.56189e-08
1.20317e-08
9.44789e-09
8.01817e-09
7.49731e-09
8.96864e-09
8.05542e-08
7.7501e-08
4.87599e-08
2.03645e-08
2.12715e-05
2.1956e-05
2.21087e-05
2.23556e-05
2.26494e-05
2.27481e-05
2.24485e-05
2.1662e-05
2.0386e-05
1.86759e-05
1.66226e-05
1.4397e-05
1.21727e-05
1.02199e-05
8.76104e-06
7.77548e-06
7.29441e-06
7.43671e-06
8.07631e-06
9.24972e-06
1.0457e-05
9.84614e-06
8.10546e-06
6.79347e-06
5.57979e-06
4.4864e-06
3.52744e-06
2.69672e-06
1.99191e-06
1.41603e-06
9.6742e-07
6.34605e-07
4.00055e-07
2.49402e-07
1.52561e-07
8.95516e-08
1.10741e-07
8.80253e-08
5.43429e-08
2.3398e-08
9.53579e-05
0.000117587
0.000127098
0.000132325
0.00013949
0.000148292
0.000157036
0.0001644
0.000169278
0.000170665
0.00016764
0.000159214
0.000146487
0.000131301
0.000115442
0.000102503
9.47456e-05
9.10084e-05
9.04866e-05
8.99036e-05
8.61327e-05
7.46386e-05
6.3092e-05
5.2371e-05
4.26568e-05
3.3991e-05
2.63879e-05
1.98519e-05
1.43694e-05
9.93586e-06
6.52354e-06
4.04222e-06
2.34765e-06
1.29067e-06
6.59297e-07
3.00142e-07
1.63228e-07
1.07045e-07
6.42034e-08
2.81859e-08
8.2384e-05
8.69663e-05
9.46129e-05
0.000101808
0.000108869
0.000115993
0.000122555
0.000127413
0.000129468
0.000127907
0.000122454
0.000114023
0.000103502
9.21789e-05
8.15339e-05
7.28829e-05
6.70717e-05
6.43316e-05
6.33922e-05
6.23116e-05
5.89889e-05
5.16855e-05
4.44078e-05
3.75764e-05
3.1566e-05
2.62608e-05
2.15477e-05
1.73383e-05
1.35625e-05
1.02091e-05
7.32039e-06
4.94086e-06
3.09646e-06
1.81545e-06
9.6943e-07
4.57079e-07
2.22199e-07
1.31102e-07
7.64276e-08
3.34956e-08
6.98846e-05
6.65456e-05
6.76728e-05
7.11328e-05
7.54472e-05
7.97389e-05
8.33639e-05
8.56411e-05
8.59646e-05
8.39927e-05
7.97927e-05
7.41297e-05
6.7656e-05
6.10439e-05
5.49619e-05
4.98964e-05
4.62289e-05
4.41843e-05
4.341e-05
4.23043e-05
3.98026e-05
3.55062e-05
3.10543e-05
2.68373e-05
2.31739e-05
2.00107e-05
1.72218e-05
1.46781e-05
1.22582e-05
9.89675e-06
7.62063e-06
5.51873e-06
3.70186e-06
2.2821e-06
1.26276e-06
6.12508e-07
2.88322e-07
1.59129e-07
9.02979e-08
3.90267e-08
5.88948e-05
5.14873e-05
4.80616e-05
4.74651e-05
4.8326e-05
4.94578e-05
5.00507e-05
4.96296e-05
4.80169e-05
4.53235e-05
4.19549e-05
3.84688e-05
3.53109e-05
3.2599e-05
3.03905e-05
2.866e-05
2.74022e-05
2.66207e-05
2.61805e-05
2.57518e-05
2.43893e-05
2.22463e-05
2.00179e-05
1.79237e-05
1.60933e-05
1.45156e-05
1.31247e-05
1.18272e-05
1.05019e-05
9.04033e-06
7.43565e-06
5.75483e-06
4.11721e-06
2.68676e-06
1.56292e-06
7.78336e-07
3.62144e-07
1.90677e-07
1.0548e-07
4.46845e-08
4.92684e-05
3.94664e-05
3.35104e-05
3.02852e-05
2.86326e-05
2.74786e-05
2.60589e-05
2.40204e-05
2.13907e-05
1.83814e-05
1.55153e-05
1.3344e-05
1.19827e-05
1.13758e-05
1.1271e-05
1.14833e-05
1.18326e-05
1.2159e-05
1.22962e-05
1.23709e-05
1.22465e-05
1.19521e-05
1.16256e-05
1.12507e-05
1.08115e-05
1.032e-05
9.80217e-06
9.26288e-06
8.63291e-06
7.86481e-06
6.88128e-06
5.66798e-06
4.31053e-06
2.97815e-06
1.83093e-06
9.55303e-07
4.43985e-07
2.25602e-07
1.21818e-07
5.04411e-08
3.94851e-05
2.96475e-05
2.32926e-05
1.9229e-05
1.65349e-05
1.44575e-05
1.24883e-05
1.04317e-05
8.34031e-06
6.5614e-06
5.285e-06
4.41042e-06
3.85446e-06
3.62011e-06
3.78148e-06
4.21283e-06
4.77681e-06
5.33309e-06
5.77394e-06
6.16241e-06
6.86453e-06
7.66778e-06
8.28735e-06
8.58499e-06
8.58196e-06
8.36597e-06
8.03314e-06
7.65283e-06
7.27337e-06
6.83913e-06
6.24314e-06
5.40432e-06
4.33318e-06
3.15444e-06
2.04148e-06
1.1265e-06
5.34236e-07
2.63954e-07
1.39231e-07
5.62925e-08
2.82536e-05
2.10336e-05
1.62227e-05
1.28631e-05
1.04061e-05
8.48234e-06
6.86321e-06
5.47683e-06
4.39547e-06
3.69288e-06
3.30409e-06
3.18657e-06
3.31013e-06
3.65499e-06
4.18183e-06
4.80691e-06
5.46912e-06
6.15165e-06
6.89521e-06
7.76198e-06
8.54943e-06
9.0411e-06
9.14858e-06
8.95427e-06
8.57804e-06
8.10198e-06
7.57908e-06
7.05151e-06
6.58554e-06
6.17121e-06
5.71729e-06
5.10156e-06
4.25789e-06
3.23972e-06
2.19446e-06
1.27437e-06
6.30722e-07
3.05917e-07
1.57674e-07
6.22474e-08
1.80698e-05
1.36943e-05
1.08638e-05
8.77217e-06
7.13075e-06
5.83129e-06
4.82522e-06
4.12203e-06
3.74466e-06
3.66858e-06
3.84469e-06
4.19732e-06
4.65032e-06
5.15406e-06
5.72255e-06
6.35807e-06
7.01636e-06
7.69391e-06
8.36597e-06
9.01432e-06
9.43925e-06
9.54192e-06
9.33935e-06
8.94458e-06
8.46295e-06
7.94299e-06
7.39732e-06
6.81646e-06
6.26481e-06
5.78762e-06
5.34736e-06
4.83421e-06
4.14299e-06
3.26306e-06
2.2973e-06
1.39509e-06
7.22933e-07
3.51846e-07
1.77106e-07
6.83262e-08
9.80856e-06
6.02916e-06
5.07536e-06
4.76377e-06
4.37935e-06
3.95708e-06
3.65857e-06
3.59807e-06
3.73279e-06
3.90871e-06
4.02515e-06
4.07472e-06
4.12599e-06
4.25341e-06
4.49952e-06
4.91271e-06
5.53336e-06
6.30728e-06
7.09538e-06
7.74421e-06
8.18057e-06
8.33126e-06
8.22353e-06
7.96711e-06
7.65578e-06
7.32166e-06
6.95531e-06
6.51932e-06
6.02096e-06
5.53751e-06
5.09138e-06
4.6203e-06
4.02239e-06
3.24928e-06
2.36052e-06
1.48909e-06
8.04763e-07
3.99963e-07
1.97476e-07
7.45631e-08
3.27705e-06
2.38603e-06
2.1532e-06
2.18353e-06
2.35903e-06
2.64469e-06
2.78271e-06
2.9299e-06
2.99233e-06
2.97351e-06
2.92294e-06
2.88201e-06
2.88793e-06
2.97303e-06
3.14977e-06
3.42864e-06
3.85048e-06
4.44307e-06
5.15259e-06
5.8225e-06
6.33414e-06
6.60639e-06
6.66213e-06
6.59988e-06
6.50397e-06
6.39934e-06
6.26534e-06
6.06638e-06
5.72663e-06
5.31572e-06
4.89334e-06
4.44911e-06
3.90954e-06
3.21528e-06
2.39433e-06
1.55911e-06
8.74337e-07
4.45915e-07
2.18751e-07
8.10101e-08
2.3411e-06
1.97853e-06
1.74597e-06
1.62599e-06
1.6186e-06
1.70709e-06
1.81004e-06
1.91042e-06
1.98248e-06
2.00712e-06
2.00316e-06
2.0039e-06
2.03522e-06
2.11872e-06
2.26131e-06
2.46024e-06
2.73916e-06
3.1389e-06
3.66588e-06
4.23208e-06
4.72181e-06
5.04709e-06
5.21256e-06
5.29361e-06
5.36037e-06
5.43406e-06
5.4912e-06
5.50529e-06
5.36497e-06
5.07749e-06
4.71423e-06
4.30317e-06
3.80611e-06
3.17062e-06
2.40687e-06
1.60869e-06
9.31315e-07
4.8705e-07
2.39898e-07
8.77424e-08
2.80638e-06
2.30728e-06
1.9271e-06
1.65891e-06
1.49503e-06
1.42235e-06
1.41199e-06
1.43865e-06
1.47561e-06
1.50427e-06
1.52547e-06
1.55193e-06
1.59659e-06
1.67091e-06
1.78e-06
1.92261e-06
2.10879e-06
2.3696e-06
2.73133e-06
3.15509e-06
3.56468e-06
3.87918e-06
4.08992e-06
4.24796e-06
4.40686e-06
4.58541e-06
4.7637e-06
4.91952e-06
4.96473e-06
4.81619e-06
4.53501e-06
4.16846e-06
3.70909e-06
3.11977e-06
2.40391e-06
1.64128e-06
9.76238e-07
5.22546e-07
2.59607e-07
9.45509e-08
3.66993e-06
2.86643e-06
2.27642e-06
1.86672e-06
1.58679e-06
1.41593e-06
1.32497e-06
1.28789e-06
1.28262e-06
1.29321e-06
1.31301e-06
1.34298e-06
1.38713e-06
1.45034e-06
1.53562e-06
1.64297e-06
1.77682e-06
1.95383e-06
2.19542e-06
2.49578e-06
2.81809e-06
3.09281e-06
3.3067e-06
3.49195e-06
3.68699e-06
3.90903e-06
4.14565e-06
4.37944e-06
4.56048e-06
4.54125e-06
4.35018e-06
4.03665e-06
3.61476e-06
3.06438e-06
2.38921e-06
1.65979e-06
1.01005e-06
5.52055e-07
2.77219e-07
1.00753e-07
4.99589e-06
3.68201e-06
2.74768e-06
2.15582e-06
1.75394e-06
1.49651e-06
1.34128e-06
1.25605e-06
1.21715e-06
1.20798e-06
1.21839e-06
1.24374e-06
1.28298e-06
1.33703e-06
1.407e-06
1.49299e-06
1.59719e-06
1.72847e-06
1.90071e-06
2.11725e-06
2.36082e-06
2.58989e-06
2.78796e-06
2.97273e-06
3.17038e-06
3.39673e-06
3.64837e-06
3.9121e-06
4.17432e-06
4.26469e-06
4.16098e-06
3.90402e-06
3.52031e-06
3.00478e-06
2.36514e-06
1.66654e-06
1.03382e-06
5.75544e-07
2.92271e-07
1.05984e-07
6.91109e-06
4.89532e-06
3.37921e-06
2.51837e-06
1.96338e-06
1.61182e-06
1.39466e-06
1.26722e-06
1.2e-06
1.17306e-06
1.17318e-06
1.19231e-06
1.2263e-06
1.27358e-06
1.33376e-06
1.40664e-06
1.49331e-06
1.59869e-06
1.73144e-06
1.89611e-06
2.08476e-06
2.27392e-06
2.44988e-06
2.6208e-06
2.80459e-06
3.0153e-06
3.25745e-06
3.5202e-06
3.81367e-06
3.99518e-06
3.97077e-06
3.76983e-06
3.42421e-06
2.94096e-06
2.33319e-06
1.66331e-06
1.04858e-06
5.93171e-07
3.0448e-07
1.10042e-07
9.2109e-06
6.58612e-06
4.21298e-06
2.9634e-06
2.20929e-06
1.74752e-06
1.46481e-06
1.29621e-06
1.20283e-06
1.15963e-06
1.14995e-06
1.16297e-06
1.19229e-06
1.23454e-06
1.28821e-06
1.35264e-06
1.42826e-06
1.51788e-06
1.62694e-06
1.75932e-06
1.91139e-06
2.06976e-06
2.22436e-06
2.37848e-06
2.54415e-06
2.73295e-06
2.95126e-06
3.19596e-06
3.48979e-06
3.73713e-06
3.78264e-06
3.63484e-06
3.32607e-06
2.87305e-06
2.29441e-06
1.65147e-06
1.05525e-06
6.052e-07
3.13702e-07
1.12815e-07
1.09333e-05
8.54755e-06
5.20851e-06
3.47407e-06
2.48329e-06
1.89673e-06
1.54402e-06
1.33385e-06
1.21513e-06
1.15653e-06
1.13759e-06
1.14488e-06
1.17008e-06
1.20842e-06
1.25746e-06
1.31606e-06
1.38416e-06
1.46337e-06
1.55712e-06
1.6684e-06
1.79561e-06
1.93086e-06
2.06695e-06
2.20482e-06
2.35254e-06
2.51938e-06
2.7122e-06
2.93235e-06
3.20385e-06
3.49017e-06
3.59785e-06
3.50027e-06
3.22644e-06
2.8015e-06
2.24969e-06
1.6321e-06
1.05462e-06
6.11927e-07
3.19894e-07
1.14254e-07
9.84578e-06
1.01447e-05
6.12995e-06
3.95249e-06
2.74865e-06
2.04552e-06
1.62557e-06
1.37529e-06
1.23227e-06
1.15903e-06
1.1313e-06
1.13319e-06
1.15464e-06
1.18972e-06
1.23519e-06
1.28943e-06
1.35201e-06
1.42374e-06
1.50681e-06
1.60341e-06
1.71293e-06
1.83052e-06
1.951e-06
2.07418e-06
2.20551e-06
2.35238e-06
2.52151e-06
2.71718e-06
2.96053e-06
3.25082e-06
3.41431e-06
3.36663e-06
3.12658e-06
2.72739e-06
2.19998e-06
1.60604e-06
1.04729e-06
6.1363e-07
3.23081e-07
1.14354e-07
5.09546e-06
8.69176e-06
5.89491e-06
3.99232e-06
2.82244e-06
2.10106e-06
1.65916e-06
1.39258e-06
1.23902e-06
1.15938e-06
1.12781e-06
1.12721e-06
1.14672e-06
1.17985e-06
1.22298e-06
1.27426e-06
1.33299e-06
1.39959e-06
1.47551e-06
1.56232e-06
1.65963e-06
1.76405e-06
1.87171e-06
1.9822e-06
2.09954e-06
2.22988e-06
2.37972e-06
2.55536e-06
2.77578e-06
3.05209e-06
3.24624e-06
3.24096e-06
3.02849e-06
2.64782e-06
2.13937e-06
1.56696e-06
1.02845e-06
6.07523e-07
3.21871e-07
1.12891e-07
3.81149e-06
6.96276e-06
5.24654e-06
3.77134e-06
2.74252e-06
2.06949e-06
1.64446e-06
1.38437e-06
1.2338e-06
1.15577e-06
1.12503e-06
1.12467e-06
1.14388e-06
1.1762e-06
1.21794e-06
1.26721e-06
1.32322e-06
1.38613e-06
1.45691e-06
1.53662e-06
1.62483e-06
1.71895e-06
1.816e-06
1.91561e-06
2.02097e-06
2.13736e-06
2.27105e-06
2.42961e-06
2.63002e-06
2.88547e-06
3.08973e-06
3.1159e-06
2.93125e-06
2.56714e-06
2.07495e-06
1.52241e-06
1.00407e-06
5.97062e-07
3.17878e-07
1.10261e-07
3.07536e-06
5.60329e-06
4.64852e-06
3.53613e-06
2.64885e-06
2.03122e-06
1.62756e-06
1.3762e-06
1.22963e-06
1.15359e-06
1.12377e-06
1.12358e-06
1.1424e-06
1.17382e-06
1.21416e-06
1.26148e-06
1.31491e-06
1.37438e-06
1.44051e-06
1.51394e-06
1.59422e-06
1.67926e-06
1.76671e-06
1.85625e-06
1.95049e-06
2.05409e-06
2.17322e-06
2.3162e-06
2.4984e-06
2.73245e-06
2.93799e-06
2.98899e-06
2.83234e-06
2.4887e-06
2.01146e-06
1.47694e-06
9.77545e-07
5.84192e-07
3.1193e-07
1.06612e-07
2.57673e-06
4.65542e-06
4.15862e-06
3.31299e-06
2.55212e-06
1.9902e-06
1.60995e-06
1.36865e-06
1.22668e-06
1.15281e-06
1.12387e-06
1.12375e-06
1.14205e-06
1.17245e-06
1.21133e-06
1.2567e-06
1.3076e-06
1.3638e-06
1.42561e-06
1.49335e-06
1.5665e-06
1.64335e-06
1.72199e-06
1.80214e-06
1.88602e-06
1.97786e-06
2.08378e-06
2.21251e-06
2.37802e-06
2.59139e-06
2.79211e-06
2.86133e-06
2.73098e-06
2.4101e-06
1.95038e-06
1.43168e-06
9.49553e-07
5.69291e-07
3.04272e-07
1.02106e-07
2.22478e-06
3.99527e-06
3.76516e-06
3.1118e-06
2.4588e-06
1.94935e-06
1.59283e-06
1.36217e-06
1.22507e-06
1.15339e-06
1.12522e-06
1.12501e-06
1.14263e-06
1.1719e-06
1.20922e-06
1.2526e-06
1.30101e-06
1.35404e-06
1.41176e-06
1.47422e-06
1.54086e-06
1.61019e-06
1.68064e-06
1.75199e-06
1.82618e-06
1.90719e-06
2.00107e-06
2.11672e-06
2.26685e-06
2.46075e-06
2.65273e-06
2.73413e-06
2.62766e-06
2.33009e-06
1.89082e-06
1.38801e-06
9.20847e-07
5.52751e-07
2.95153e-07
9.69035e-08
1.96711e-06
3.52189e-06
3.44807e-06
2.93525e-06
2.37246e-06
1.91063e-06
1.57704e-06
1.35704e-06
1.22482e-06
1.15523e-06
1.12769e-06
1.12722e-06
1.144e-06
1.172e-06
1.20769e-06
1.24903e-06
1.29494e-06
1.34487e-06
1.39867e-06
1.45618e-06
1.51676e-06
1.57912e-06
1.64192e-06
1.70499e-06
1.77013e-06
1.84113e-06
1.92401e-06
2.02761e-06
2.16349e-06
2.33915e-06
2.52014e-06
2.60855e-06
2.52306e-06
2.24886e-06
1.8309e-06
1.34679e-06
8.92307e-07
5.34986e-07
2.84833e-07
9.11733e-08
1.77229e-06
3.17067e-06
3.19104e-06
2.78297e-06
2.29485e-06
1.87525e-06
1.56311e-06
1.35338e-06
1.22588e-06
1.15822e-06
1.13111e-06
1.13022e-06
1.14602e-06
1.17264e-06
1.2066e-06
1.24586e-06
1.28927e-06
1.33615e-06
1.38617e-06
1.43899e-06
1.49391e-06
1.54975e-06
1.60538e-06
1.66071e-06
1.71741e-06
1.77917e-06
1.85196e-06
1.9444e-06
2.06703e-06
2.2259e-06
2.39438e-06
2.48562e-06
2.418e-06
2.16676e-06
1.77072e-06
1.30653e-06
8.65017e-07
5.16444e-07
2.73579e-07
8.51011e-08
1.62125e-06
2.90282e-06
2.98178e-06
2.65315e-06
2.22652e-06
1.84382e-06
1.55129e-06
1.35121e-06
1.22813e-06
1.16219e-06
1.13534e-06
1.13386e-06
1.14855e-06
1.17369e-06
1.20586e-06
1.24301e-06
1.28392e-06
1.32781e-06
1.37419e-06
1.42256e-06
1.47216e-06
1.52192e-06
1.57085e-06
1.61894e-06
1.66782e-06
1.72108e-06
1.7846e-06
1.86668e-06
1.97691e-06
2.12027e-06
2.27543e-06
2.36626e-06
2.31341e-06
2.08423e-06
1.71047e-06
1.26637e-06
8.39369e-07
4.97615e-07
2.61665e-07
7.88944e-08
1.5019e-06
2.69439e-06
2.81097e-06
2.5434e-06
2.1673e-06
1.81653e-06
1.54163e-06
1.35043e-06
1.2314e-06
1.16694e-06
1.14018e-06
1.13799e-06
1.15147e-06
1.17506e-06
1.20539e-06
1.24042e-06
1.27885e-06
1.31983e-06
1.3627e-06
1.40685e-06
1.45148e-06
1.49556e-06
1.53827e-06
1.57965e-06
1.62132e-06
1.6668e-06
1.7218e-06
1.79423e-06
1.89282e-06
2.02171e-06
2.16329e-06
2.25126e-06
2.21025e-06
2.00185e-06
1.6504e-06
1.2264e-06
8.14686e-07
4.79076e-07
2.49379e-07
7.27857e-08
1.40617e-06
2.52983e-06
2.67131e-06
2.45123e-06
2.11663e-06
1.79326e-06
1.53402e-06
1.35085e-06
1.23548e-06
1.17228e-06
1.14546e-06
1.14245e-06
1.15465e-06
1.17665e-06
1.20513e-06
1.23805e-06
1.27406e-06
1.31221e-06
1.35174e-06
1.39191e-06
1.4319e-06
1.47074e-06
1.5077e-06
1.54293e-06
1.57801e-06
1.61639e-06
1.66357e-06
1.72702e-06
1.81465e-06
1.92995e-06
2.05804e-06
2.14139e-06
2.10953e-06
1.92035e-06
1.59084e-06
1.18679e-06
7.90293e-07
4.61547e-07
2.37023e-07
6.70324e-08
1.32852e-06
2.39863e-06
2.55706e-06
2.37423e-06
2.07373e-06
1.77375e-06
1.52826e-06
1.35225e-06
1.24014e-06
1.17799e-06
1.15098e-06
1.14708e-06
1.15797e-06
1.17837e-06
1.20503e-06
1.23588e-06
1.26955e-06
1.305e-06
1.34136e-06
1.37782e-06
1.41352e-06
1.44754e-06
1.47927e-06
1.5089e-06
1.53803e-06
1.56998e-06
1.61001e-06
1.6651e-06
1.74243e-06
1.84495e-06
1.95991e-06
2.03742e-06
2.01235e-06
1.84058e-06
1.53229e-06
1.1478e-06
7.66082e-07
4.4519e-07
2.24908e-07
6.19092e-08
1.26499e-06
2.29337e-06
2.46368e-06
2.31028e-06
2.03776e-06
1.75763e-06
1.52408e-06
1.3544e-06
1.24513e-06
1.18385e-06
1.15656e-06
1.15175e-06
1.16133e-06
1.18016e-06
1.20504e-06
1.23391e-06
1.26535e-06
1.29824e-06
1.33165e-06
1.36469e-06
1.39646e-06
1.42611e-06
1.45312e-06
1.47774e-06
1.50154e-06
1.52772e-06
1.56126e-06
1.60863e-06
1.67634e-06
1.7669e-06
1.86928e-06
1.94017e-06
1.91984e-06
1.76353e-06
1.47538e-06
1.10979e-06
7.42325e-07
4.29889e-07
2.13375e-07
5.76912e-08
1.21273e-06
2.20871e-06
2.38757e-06
2.25749e-06
2.0079e-06
1.74449e-06
1.52122e-06
1.35703e-06
1.25024e-06
1.18964e-06
1.16203e-06
1.15629e-06
1.16461e-06
1.18194e-06
1.20513e-06
1.23213e-06
1.26148e-06
1.292e-06
1.32269e-06
1.35261e-06
1.38085e-06
1.4066e-06
1.42941e-06
1.4496e-06
1.4687e-06
1.48977e-06
1.51747e-06
1.5578e-06
1.61663e-06
1.69612e-06
1.78666e-06
1.85056e-06
1.83326e-06
1.69037e-06
1.42089e-06
1.07324e-06
7.19379e-07
4.15617e-07
2.02798e-07
5.46283e-08
1.16961e-06
2.14074e-06
2.32589e-06
2.21431e-06
1.98341e-06
1.73393e-06
1.51939e-06
1.35992e-06
1.25524e-06
1.19518e-06
1.16721e-06
1.16059e-06
1.16771e-06
1.18364e-06
1.20527e-06
1.23055e-06
1.25797e-06
1.28634e-06
1.31458e-06
1.34172e-06
1.36683e-06
1.38915e-06
1.4083e-06
1.42464e-06
1.43966e-06
1.45626e-06
1.47882e-06
1.51283e-06
1.5636e-06
1.63305e-06
1.71268e-06
1.76956e-06
1.75392e-06
1.6224e-06
1.3698e-06
1.03878e-06
6.97679e-07
4.02416e-07
1.93583e-07
5.29157e-08
1.13408e-06
2.08654e-06
2.27641e-06
2.17942e-06
1.9636e-06
1.72559e-06
1.51834e-06
1.36284e-06
1.25992e-06
1.20029e-06
1.17195e-06
1.16452e-06
1.17055e-06
1.18521e-06
1.20543e-06
1.22916e-06
1.25488e-06
1.28133e-06
1.30742e-06
1.33212e-06
1.35453e-06
1.3739e-06
1.38992e-06
1.40298e-06
1.41453e-06
1.42732e-06
1.44542e-06
1.4739e-06
1.51758e-06
1.57813e-06
1.64799e-06
1.69815e-06
1.68313e-06
1.56097e-06
1.32317e-06
1.00714e-06
6.77724e-07
3.90425e-07
1.8606e-07
5.2669e-08
1.10497e-06
2.04398e-06
2.23741e-06
2.15179e-06
1.94791e-06
1.71914e-06
1.51782e-06
1.36558e-06
1.2641e-06
1.2048e-06
1.17613e-06
1.16797e-06
1.17304e-06
1.18659e-06
1.20559e-06
1.22798e-06
1.25222e-06
1.27704e-06
1.30129e-06
1.32393e-06
1.34406e-06
1.36097e-06
1.37439e-06
1.38474e-06
1.39342e-06
1.40304e-06
1.41741e-06
1.4412e-06
1.47883e-06
1.53179e-06
1.5932e-06
1.63726e-06
1.62215e-06
1.50742e-06
1.28212e-06
9.79114e-07
6.60041e-07
3.79978e-07
1.80258e-07
5.39136e-08
1.08149e-06
2.01143e-06
2.20755e-06
2.13056e-06
1.93588e-06
1.71431e-06
1.51765e-06
1.36798e-06
1.26764e-06
1.20858e-06
1.17961e-06
1.17084e-06
1.17512e-06
1.18775e-06
1.20574e-06
1.22702e-06
1.25005e-06
1.27352e-06
1.29627e-06
1.31724e-06
1.33553e-06
1.35047e-06
1.36182e-06
1.37001e-06
1.37641e-06
1.3835e-06
1.39487e-06
1.41487e-06
1.4476e-06
1.49437e-06
1.54883e-06
1.58765e-06
1.57205e-06
1.46298e-06
1.24774e-06
9.55482e-07
6.45144e-07
3.71358e-07
1.76188e-07
5.66011e-08
1.06322e-06
1.9877e-06
2.18585e-06
2.11513e-06
1.92716e-06
1.71086e-06
1.51766e-06
1.3699e-06
1.27041e-06
1.21151e-06
1.18231e-06
1.17307e-06
1.17673e-06
1.18865e-06
1.20586e-06
1.22629e-06
1.24839e-06
1.27083e-06
1.29243e-06
1.31213e-06
1.32903e-06
1.34249e-06
1.35228e-06
1.35886e-06
1.36356e-06
1.36876e-06
1.37787e-06
1.39502e-06
1.42403e-06
1.46612e-06
1.51523e-06
1.5499e-06
1.53365e-06
1.42861e-06
1.22092e-06
9.36941e-07
6.3348e-07
3.64765e-07
1.73789e-07
6.06224e-08
1.05059e-06
1.97223e-06
2.1718e-06
2.10519e-06
1.92157e-06
1.70871e-06
1.51775e-06
1.37125e-06
1.2723e-06
1.21351e-06
1.18415e-06
1.17458e-06
1.17782e-06
1.18927e-06
1.20594e-06
1.2258e-06
1.24727e-06
1.26901e-06
1.28984e-06
1.30869e-06
1.32466e-06
1.33712e-06
1.34588e-06
1.35139e-06
1.35495e-06
1.35889e-06
1.36649e-06
1.38172e-06
1.40824e-06
1.44719e-06
1.49264e-06
1.52439e-06
1.50751e-06
1.40503e-06
1.20238e-06
9.24057e-07
6.25404e-07
3.60298e-07
1.72823e-07
6.56043e-08
1.04646e-06
1.96651e-06
2.16671e-06
2.1016e-06
1.91953e-06
1.70791e-06
1.51778e-06
1.37174e-06
1.273e-06
1.21425e-06
1.18483e-06
1.17515e-06
1.17823e-06
1.1895e-06
1.20598e-06
1.22563e-06
1.24686e-06
1.26834e-06
1.28888e-06
1.30741e-06
1.32302e-06
1.33511e-06
1.34347e-06
1.34857e-06
1.3517e-06
1.35515e-06
1.36218e-06
1.37668e-06
1.40227e-06
1.44002e-06
1.48403e-06
1.51457e-06
1.49733e-06
1.39572e-06
1.19496e-06
9.18814e-07
6.22086e-07
3.58457e-07
1.72706e-07
6.9209e-08
1.04477e-06
1.9646e-06
2.16505e-06
2.10044e-06
1.91888e-06
1.70766e-06
1.51779e-06
1.3719e-06
1.27322e-06
1.21449e-06
1.18505e-06
1.17533e-06
1.17837e-06
1.18958e-06
1.206e-06
1.22557e-06
1.24672e-06
1.26812e-06
1.28856e-06
1.30698e-06
1.32248e-06
1.33444e-06
1.34267e-06
1.34763e-06
1.35062e-06
1.35391e-06
1.36074e-06
1.37499e-06
1.40026e-06
1.4376e-06
1.48112e-06
1.51123e-06
1.49386e-06
1.39254e-06
1.19243e-06
9.17038e-07
6.20974e-07
3.57852e-07
1.72726e-07
7.01646e-08
)
;

boundaryField
{
    inlet
    {
        type            turbulentIntensityKineticEnergyInlet;
        intensity       0.05;
        value           uniform 3.05078e-06;
    }
    outlet
    {
        type            zeroGradient;
    }
    hopper_outlet
    {
        type            zeroGradient;
    }
    Wall
    {
        type            kqRWallFunction;
        value           nonuniform List<scalar> 
129
(
6.40159e-05
8.20114e-05
0.000103214
0.000121395
0.000137731
0.000152179
0.000165289
0.00017757
0.000189368
0.00020081
0.000211867
0.000222399
0.000232157
0.000237964
0.000243316
0.000248648
0.000254231
0.000260216
0.000266611
0.000273336
0.000280243
0.000287129
0.00029376
0.000299879
0.000305217
0.000309485
0.000312339
0.000313352
0.000312026
0.000307867
0.00030034
0.000288553
0.000271926
0.000261414
0.000248644
0.000231835
0.000211321
0.000187784
0.000162811
0.00013832
0.000115954
9.65e-05
7.98901e-05
6.56565e-05
5.33881e-05
4.24628e-05
2.72742e-05
6.17184e-06
9.82189e-06
8.54381e-06
9.6787e-06
9.80712e-06
9.55857e-06
8.98785e-06
8.24101e-06
7.42431e-06
6.55578e-06
5.66207e-06
4.78443e-06
3.94929e-06
3.19838e-06
2.51995e-06
2.13545e-06
1.84724e-06
1.6119e-06
1.42491e-06
1.29322e-06
1.22337e-06
9.7768e-06
5.09546e-06
3.81149e-06
3.07536e-06
2.57673e-06
2.22478e-06
1.96711e-06
1.77229e-06
1.62125e-06
1.5019e-06
1.40617e-06
1.32852e-06
1.26499e-06
1.21273e-06
1.16961e-06
1.13408e-06
1.10497e-06
1.08149e-06
1.06322e-06
1.05059e-06
1.04646e-06
1.04477e-06
2.03645e-08
2.3398e-08
2.81859e-08
3.34956e-08
3.90267e-08
4.46845e-08
5.04411e-08
5.62925e-08
6.22474e-08
6.83262e-08
7.45631e-08
8.10101e-08
8.77424e-08
9.45509e-08
1.00753e-07
1.05984e-07
1.10042e-07
1.12815e-07
1.14254e-07
1.14354e-07
1.12891e-07
1.10261e-07
1.06612e-07
1.02106e-07
9.69035e-08
9.11733e-08
8.51011e-08
7.88944e-08
7.27857e-08
6.70324e-08
6.19092e-08
5.76912e-08
5.46283e-08
5.29157e-08
5.2669e-08
5.39136e-08
5.66011e-08
6.06224e-08
6.56043e-08
)
;
    }
    bottom
    {
        type            slip;
    }
    top
    {
        type            symmetryPlane;
    }
    front
    {
        type            wedge;
    }
    back
    {
        type            wedge;
    }
}


// ************************************************************************* //
