/*--------------------------------*- C++ -*----------------------------------*\
| =========                 |                                                 |
| \\      /  F ield         | OpenFOAM: The Open Source CFD Toolbox           |
|  \\    /   O peration     | Version:  2312                                  |
|   \\  /    A nd           | Website:  www.openfoam.com                      |
|    \\/     M anipulation  |                                                 |
\*---------------------------------------------------------------------------*/
FoamFile
{
    version     2.0;
    format      ascii;
    arch        "LSB;label=32;scalar=64";
    class       volScalarField;
    location    "13122.1";
    object      nut;
}
// * * * * * * * * * * * * * * * * * * * * * * * * * * * * * * * * * * * * * //

dimensions      [0 2 -1 0 0 0 0];

internalField   nonuniform List<scalar> 
3780
(
1.82489e-05
9.56557e-05
0.000182564
0.000259959
0.000327043
0.000385277
0.000437235
0.000487226
0.0005421
0.000610777
0.000700038
0.000806598
0.000918918
0.00102227
0.00110348
0.00114929
0.00115029
0.00110959
0.00103414
0.000935086
0.000837418
0.000759189
0.00069178
0.000638807
0.000600359
0.000573998
0.000556637
0.000545906
0.000540409
0.000539303
0.000541818
0.00054716
0.000554632
0.000563581
0.000573287
0.000583797
0.000595262
0.000607318
0.000617554
0.00062171
2.18561e-05
0.000122048
0.000238589
0.000341873
0.000429604
0.000502892
0.000563903
0.00061633
0.000666395
0.00072302
0.000794103
0.000880186
0.000973403
0.00106
0.0011257
0.00115647
0.00114423
0.00109094
0.00100395
0.000895383
0.000791403
0.000710286
0.000642604
0.000591214
0.000555362
0.000532034
0.000517913
0.000510607
0.000508586
0.000510845
0.000516501
0.000524169
0.000532849
0.000541819
0.000550627
0.000559861
0.000568637
0.000575806
0.000579817
0.000578947
2.5955e-05
0.000154585
0.000304887
0.000437751
0.000550455
0.00064381
0.000719114
0.000778426
0.000825536
0.000867106
0.000912785
0.000967392
0.00103
0.00109178
0.00113901
0.00115848
0.00113826
0.00107812
0.000984373
0.000868534
0.000758483
0.000672905
0.000602063
0.000549134
0.00051341
0.000491786
0.000480902
0.00047836
0.000482832
0.000493179
0.000505425
0.000517163
0.000526956
0.000534105
0.000538732
0.000541543
0.000543275
0.000544738
0.000546015
0.000545047
2.9808e-05
0.000181026
0.000363611
0.000526921
0.000666651
0.000783138
0.000876929
0.000948691
0.000999977
0.00103458
0.00106037
0.00108463
0.00111134
0.0011395
0.00116152
0.00116569
0.00114058
0.00107903
0.000985533
0.000871608
0.000765157
0.000682065
0.000612711
0.000561168
0.000527922
0.000510384
0.000505101
0.000509303
0.000521309
0.000537181
0.000551768
0.000562443
0.000567907
0.000567813
0.000562788
0.000554475
0.00054524
0.000537837
0.000533577
0.000530548
3.36347e-05
0.000205123
0.000418101
0.000610726
0.00077717
0.000917456
0.00103165
0.00111942
0.00118059
0.00121636
0.00123137
0.001234
0.00122931
0.00122136
0.00121045
0.00119158
0.00115607
0.00109547
0.00100779
0.000902664
0.000808288
0.000736448
0.000676767
0.000631892
0.000602643
0.000587494
0.000583743
0.000588959
0.000601646
0.000615744
0.000625966
0.000629886
0.000626587
0.000616118
0.000599418
0.000578499
0.000556463
0.000537662
0.000524968
0.000517259
3.74661e-05
0.000226147
0.000466553
0.000686066
0.000877408
0.00104054
0.00117536
0.00128098
0.00135601
0.00139953
0.00141292
0.00140466
0.00137888
0.00134092
0.001296
0.00124679
0.00119169
0.00112587
0.00104552
0.000954327
0.000876805
0.000820718
0.000775429
0.000741336
0.000717891
0.000703012
0.000694863
0.000693184
0.000698583
0.000704026
0.000704181
0.00069691
0.000681717
0.000659009
0.000629883
0.000596325
0.000561514
0.000530609
0.000507954
0.000493976
4.13921e-05
0.000245272
0.000510014
0.00075296
0.000965871
0.00114908
0.00130277
0.00142594
0.00151663
0.00157261
0.001593
0.00158152
0.00154432
0.00148596
0.00141302
0.00133297
0.0012518
0.0011719
0.00109292
0.00101623
0.000957138
0.000917557
0.0008873
0.000864461
0.000846968
0.000832415
0.000817924
0.000804381
0.000797432
0.000789569
0.000775592
0.000753855
0.000724436
0.000688188
0.00064636
0.000600694
0.000553955
0.000511466
0.000478404
0.000457187
4.54942e-05
0.00026389
0.000550243
0.000812607
0.0010426
0.00124152
0.00141028
0.00154824
0.00165327
0.00172229
0.00175264
0.00174454
0.00170445
0.0016355
0.00154383
0.00143876
0.00133161
0.00123268
0.00114815
0.00108071
0.00103748
0.00101195
0.000993481
0.000979132
0.000965797
0.000950766
0.000931543
0.000905809
0.00088661
0.000864645
0.000835198
0.000797518
0.000752562
0.000701919
0.000647218
0.00059001
0.000532399
0.000479212
0.000435702
0.000406438
4.98345e-05
0.00028342
0.000589342
0.000867034
0.00110909
0.00131844
0.0014972
0.00164547
0.00176138
0.00184149
0.00188181
0.00188025
0.0018425
0.00177017
0.00166823
0.00154621
0.00141829
0.00130098
0.00120771
0.00114391
0.00111039
0.00109323
0.001081
0.00106923
0.00105529
0.00103673
0.00101133
0.000977186
0.000951935
0.00091909
0.000876694
0.000825115
0.000765917
0.000701348
0.000633739
0.000565028
0.000497035
0.000433936
0.000380405
0.00034261
5.44508e-05
0.000304967
0.000628944
0.000917963
0.00116701
0.00138135
0.00156465
0.00171801
0.00184017
0.00192781
0.00197631
0.00198229
0.00194803
0.00187587
0.0017695
0.00163805
0.00149696
0.00136657
0.00126585
0.00120275
0.0011732
0.00115776
0.00114386
0.00112729
0.00110561
0.00107745
0.00104294
0.00100675
0.000973966
0.000933364
0.000884175
0.000826134
0.000759627
0.000685987
0.000607533
0.000527151
0.000447888
0.000374812
0.000312877
0.00026823
5.93606e-05
0.000329776
0.000670489
0.000966674
0.00121768
0.00143164
0.0016139
0.00176666
0.00188942
0.00197929
0.00203157
0.00204186
0.00201141
0.00194193
0.00183579
0.00170189
0.00155621
0.00142064
0.00131625
0.00125159
0.00122025
0.00120082
0.00117954
0.00115228
0.00111719
0.00107422
0.00102623
0.000981384
0.000942257
0.000897767
0.000846744
0.000788126
0.000720649
0.000643764
0.000558582
0.000468372
0.000378472
0.000297192
0.000232897
0.000189368
6.45665e-05
0.000358863
0.0007147
0.00101383
0.00126263
0.00147234
0.00164984
0.00179828
0.00191785
0.00200586
0.00205689
0.00206544
0.00203538
0.00196724
0.00186341
0.00173342
0.00159358
0.00146481
0.00136563
0.00130142
0.00126472
0.00123566
0.00120088
0.00115751
0.00110545
0.00104789
0.000993472
0.000944503
0.00089647
0.000845563
0.000788486
0.000721784
0.000643369
0.000553965
0.000457658
0.000361015
0.000271286
0.000196077
0.000144881
0.000116545
6.68556e-05
0.000390703
0.000756272
0.00105069
0.00129086
0.0014907
0.00165815
0.00179761
0.00191076
0.00199665
0.00205153
0.00206934
0.00204778
0.00199101
0.0019025
0.00179081
0.00166857
0.00155082
0.00145074
0.00137354
0.00132186
0.00127985
0.00123541
0.00118501
0.00112689
0.00106159
0.00099381
0.000935848
0.000885031
0.000832043
0.000766867
0.000680405
0.000572036
0.000449421
0.00032693
0.000220614
0.00014217
9.35988e-05
6.51887e-05
4.75192e-05
6.55135e-05
0.000380434
0.000735517
0.00101917
0.00124896
0.00143927
0.00159813
0.00173103
0.00184105
0.00192899
0.00199365
0.00203074
0.00203346
0.00200314
0.00194014
0.00184967
0.0017433
0.00163448
0.00153498
0.00145116
0.00139219
0.00134558
0.00130064
0.00125444
0.00120548
0.00115347
0.00109903
0.0010433
0.000986466
0.000929036
0.000872474
0.000807001
0.000717335
0.000588252
0.000437035
0.000297788
0.000193641
0.000134377
0.000106562
9.30987e-05
6.40502e-05
0.000367456
0.000711273
0.000984101
0.00120258
0.00138102
0.00152848
0.00165096
0.00175278
0.00183536
0.00190024
0.00194584
0.00196732
0.00195886
0.00192677
0.00186553
0.00178307
0.00169104
0.00160039
0.00151835
0.00145699
0.00140759
0.00136046
0.00131326
0.00126451
0.00121367
0.00116104
0.00110769
0.00105522
0.00100564
0.000961072
0.000921869
0.000884855
0.00084298
0.000790787
0.000730406
0.000669282
0.000614654
0.000569866
0.000534993
6.253e-05
0.000354925
0.000687598
0.000949876
0.00115728
0.00132378
0.00145847
0.00156771
0.00165639
0.00172845
0.00178721
0.00183244
0.00186293
0.0018732
0.00186486
0.00183371
0.00177968
0.00171088
0.00163655
0.00156366
0.00150494
0.00145602
0.00140845
0.0013606
0.00131138
0.00126025
0.0012072
0.00115271
0.00109766
0.00104328
0.000991123
0.000942853
0.000899639
0.000861209
0.000825411
0.000789522
0.00075228
0.000714383
0.000677388
0.000642643
6.09866e-05
0.000343556
0.000666168
0.000918939
0.00111612
0.00127113
0.00139289
0.0014878
0.0015612
0.00161798
0.00166266
0.00169908
0.00172842
0.00174754
0.00175008
0.00174828
0.00172527
0.0016845
0.00163267
0.00157562
0.00152482
0.00148029
0.00143505
0.00138824
0.00133924
0.00128777
0.00123394
0.00117819
0.00112124
0.001064
0.00100753
0.00095298
0.000901527
0.000854176
0.000811506
0.000773423
0.000739193
0.00070777
0.000678194
0.000649784
5.94341e-05
0.000333606
0.000647685
0.000892479
0.00108089
0.00122571
0.0013354
0.00141615
0.00147329
0.00151213
0.0015383
0.00155748
0.00157461
0.00159231
0.00160619
0.00161711
0.00161948
0.00160622
0.0015795
0.00154258
0.00150371
0.0014667
0.00142633
0.0013824
0.00133481
0.00128367
0.00122938
0.00117255
0.00111395
0.00105447
0.000995053
0.000936633
0.000880121
0.000826359
0.000776075
0.000729819
0.000687885
0.000650256
0.000616577
0.000586192
5.78678e-05
0.000325034
0.000632239
0.000870828
0.00105236
0.00118891
0.00128841
0.00135652
0.00139815
0.00141842
0.00142329
0.00141972
0.00141514
0.00141589
0.00142473
0.00143173
0.00145783
0.00147122
0.00146966
0.0014539
0.00142839
0.00139993
0.00136527
0.00132478
0.00127893
0.00122832
0.00117373
0.00111607
0.00105632
0.000995478
0.000934533
0.000874398
0.000815907
0.000759781
0.000706613
0.000656859
0.000610833
0.000568696
0.000530431
0.00049579
5.62738e-05
0.000317613
0.000619488
0.000853639
0.00103034
0.00116097
0.00125285
0.001311
0.00133958
0.00134299
0.00132667
0.00129769
0.00126505
0.001239
0.00122874
0.00123838
0.00126068
0.00128877
0.00130499
0.00130556
0.00129043
0.00126813
0.00123714
0.00119841
0.00115304
0.00110217
0.00104702
0.000988818
0.000928759
0.00086796
0.000807437
0.000748094
0.000690742
0.000636077
0.000584617
0.000536709
0.000492554
0.000452221
0.000415762
0.00038301
5.46336e-05
0.000310993
0.000608795
0.000840081
0.00101392
0.00114105
0.00122825
0.00127985
0.00129916
0.00128953
0.00125521
0.00120218
0.00113901
0.00107744
0.00103166
0.00101434
0.00102899
0.00106472
0.00109168
0.00110152
0.00109059
0.00106915
0.00103716
0.000996546
0.000949253
0.000897042
0.000841487
0.00078402
0.000725952
0.000668452
0.000612431
0.000558497
0.000507258
0.000459888
0.000417049
0.000378426
0.000343766
0.000312823
0.000285211
0.000260727
5.2927e-05
0.000304747
0.00059933
0.000828992
0.00100168
0.00112757
0.00121298
0.00126166
0.00127611
0.00125863
0.00121202
0.00114051
0.0010507
0.000952858
0.000862096
0.000797268
0.000772407
0.000781744
0.000819921
0.000843898
0.000837743
0.000815367
0.00077983
0.00073497
0.000684844
0.000632891
0.000580498
0.000528775
0.000478716
0.000432241
0.000391
0.000354458
0.000322361
0.000293927
0.000268638
0.000246092
0.00022594
0.000207877
0.000191621
0.000176992
5.11354e-05
0.000298421
0.000590171
0.000819023
0.000991857
0.00111839
0.00120456
0.00125368
0.00126765
0.00124783
0.00119579
0.00111394
0.00100647
0.00088054
0.00074821
0.000628277
0.000543311
0.000501524
0.000485152
0.0004784
0.000476633
0.000476321
0.000473591
0.000454037
0.000402243
0.000362858
0.000331677
0.000304327
0.000280025
0.000258163
0.000238563
0.000221112
0.000205636
0.000191904
0.000179669
0.000168704
0.000158811
0.000149817
0.000141583
0.000134017
4.92428e-05
0.000291562
0.000580382
0.000808766
0.000982565
0.00111108
0.0012
0.00125233
0.00126955
0.00125239
0.00120148
0.00111788
0.00100371
0.000863127
0.000703956
0.000540382
0.000396072
0.000299336
0.000253245
0.000229461
0.000215607
0.000206473
0.000197289
0.000185545
0.000170114
0.000155004
0.000141891
0.000130592
0.000120718
0.000112011
0.000104324
9.75587e-05
9.16184e-05
8.64004e-05
8.18075e-05
7.77549e-05
7.41716e-05
7.09972e-05
6.81802e-05
6.56802e-05
4.72368e-05
0.000283766
0.000569103
0.000796878
0.000971931
0.00110319
0.00119616
0.00125365
0.0012769
0.00126624
0.00122173
0.00114355
0.00103252
0.000890782
0.000722938
0.00053832
0.000355483
0.000208332
0.000134274
0.000116103
0.000108602
0.000104377
0.000101597
9.96674e-05
9.83762e-05
9.77434e-05
9.78142e-05
9.84576e-05
9.94656e-05
0.000100661
0.000101929
0.000103201
0.000104429
0.000105582
0.000106636
0.00010757
0.000108367
0.000109006
0.000109468
0.000109723
4.51083e-05
0.000274694
0.000555587
0.000782161
0.000958255
0.00109245
0.00119009
0.00125391
0.00128496
0.00128334
0.00124876
0.00118089
0.0010798
0.000946568
0.000784125
0.000599146
0.000406089
0.000235633
0.000140231
0.000150518
0.000187007
0.000201185
0.000205455
0.000207053
0.000207959
0.000208874
0.0002099
0.000210985
0.000211993
0.000212723
0.000213114
0.000213173
0.000212934
0.000212438
0.000211727
0.000210833
0.000209783
0.000208597
0.000207289
0.00020586
4.28489e-05
0.000264055
0.000539172
0.000763524
0.000939978
0.00107679
0.00117922
0.00124991
0.00128981
0.00129888
0.00127652
0.00122201
0.00113486
0.00101532
0.000865162
0.000689175
0.000498469
0.000317791
0.000195254
0.000182082
0.000238231
0.000277092
0.000292432
0.000296241
0.000295548
0.000293105
0.000289886
0.000286221
0.000282294
0.000278295
0.000274332
0.000270579
0.000267092
0.000263889
0.000260962
0.000258295
0.000255869
0.000253664
0.000251664
0.000249846
4.04493e-05
0.000251559
0.000519158
0.000739802
0.000915439
0.00105406
0.00116085
0.00123847
0.00128782
0.00130874
0.00130043
0.00126182
0.00119188
0.00109004
0.000956881
0.000795304
0.00061306
0.000428453
0.000279882
0.00022287
0.000260808
0.000308362
0.000332709
0.00033988
0.000339107
0.000335075
0.00032971
0.000323763
0.000317535
0.000311161
0.000304721
0.000298336
0.000292172
0.000286541
0.000281522
0.000277104
0.000273219
0.000269786
0.000266722
0.000263944
3.79019e-05
0.000236944
0.000494842
0.000709745
0.000882774
0.00102172
0.0011318
0.00121571
0.00127444
0.00130781
0.00131494
0.0012945
0.00124501
0.0011652
0.00105446
0.000913822
0.000747723
0.000568006
0.000400943
0.000294293
0.000287239
0.000325698
0.000356424
0.000368211
0.000368571
0.000363944
0.000357391
0.000350127
0.000342593
0.000334934
0.000327194
0.000319399
0.000311596
0.000303886
0.000296569
0.00029011
0.000284641
0.000280117
0.000276376
0.000273169
3.52048e-05
0.000220107
0.000465746
0.000672318
0.000840261
0.000977257
0.0010886
0.00117716
0.00124408
0.00128935
0.00131215
0.00131114
0.0012846
0.00123074
0.001148
0.00103572
0.000895281
0.0007325
0.000561586
0.000414603
0.000344328
0.000342563
0.000365582
0.000381202
0.000382817
0.000376083
0.000366046
0.000355254
0.000344773
0.000334982
0.000325949
0.000317576
0.000309671
0.000302009
0.000294385
0.000286679
0.000279487
0.000273601
0.000269477
0.000267264
3.23604e-05
0.000201185
0.00043187
0.000627157
0.000787006
0.000919053
0.00102871
0.00111904
0.00119147
0.00124629
0.00128301
0.00130048
0.00129711
0.00127092
0.00121983
0.00114196
0.00103619
0.000903336
0.000748272
0.000587228
0.000465366
0.00039999
0.000375786
0.000376706
0.000378884
0.000371231
0.000355506
0.000336178
0.000316146
0.000296785
0.000278694
0.000262173
0.000247451
0.000234754
0.000224269
0.000216001
0.000209457
0.00020384
0.00020025
0.000200259
2.93573e-05
0.000180448
0.000393424
0.000574366
0.000722938
0.000846668
0.000951013
0.00103923
0.00111307
0.00117321
0.00121961
0.00125156
0.00126779
0.00126654
0.00124563
0.00120275
0.00113565
0.00104247
0.000922782
0.000781569
0.000650519
0.000550256
0.000470361
0.00041577
0.000384032
0.000365151
0.000347421
0.000324076
0.000293955
0.00025845
0.000219581
0.000180035
0.000143585
0.000113961
9.25713e-05
7.82389e-05
6.90543e-05
6.35688e-05
6.01624e-05
5.79722e-05
2.73367e-05
0.00016006
0.000353358
0.000518174
0.000653575
0.000766597
0.000862517
0.000944641
0.00101494
0.0010744
0.00112352
0.00116219
0.00118964
0.00120439
0.00120424
0.00118644
0.00114786
0.00108549
0.000997066
0.000882319
0.000764877
0.000664838
0.000571685
0.000491684
0.000428795
0.000382258
0.000345983
0.000311879
0.000274761
0.000234055
0.000192113
0.000152274
0.000117707
9.02629e-05
6.96067e-05
5.37432e-05
4.03573e-05
2.77243e-05
1.55668e-05
6.06641e-06
2.68031e-05
0.000153887
0.000339895
0.000495058
0.000619928
0.000722394
0.000808031
0.00088011
0.000940754
0.000991456
0.00103323
0.00106662
0.00109152
0.00110697
0.0011111
0.00110124
0.00107431
0.00102737
0.000959299
0.000869408
0.000774826
0.000691343
0.000609215
0.000532529
0.000464876
0.000408231
0.000361789
0.000321861
0.000283614
0.000243724
0.000201916
0.000160719
0.000124199
9.60624e-05
7.77295e-05
6.77231e-05
6.23382e-05
5.6301e-05
4.24883e-05
7.65253e-06
2.614e-05
0.000149515
0.00032864
0.000473169
0.000586531
0.000677579
0.000751972
0.000813036
0.000862946
0.000903423
0.000935999
0.000961966
0.000982079
0.000996181
0.00100292
0.000999813
0.00098363
0.000951186
0.000901229
0.000832458
0.000757596
0.000689895
0.000621353
0.000554816
0.000492982
0.000437961
0.000390597
0.000349854
0.000312877
0.000276222
0.000237965
0.000199228
0.000164045
0.000136524
0.000117133
0.000103327
9.11893e-05
7.62541e-05
5.07569e-05
7.13746e-06
2.52405e-05
0.00014303
0.000314189
0.000447805
0.000550086
0.000630621
0.000694883
0.000745878
0.000785643
0.000816047
0.000839091
0.000856816
0.000870893
0.00088202
0.000889379
0.000890537
0.000881989
0.000860454
0.000824932
0.000773786
0.000716384
0.000663595
0.000609317
0.000555666
0.000504646
0.000457949
0.000416531
0.00038009
0.000346817
0.000314036
0.000279857
0.000245416
0.00021377
0.000187165
0.000165464
0.000146357
0.000126192
0.000100036
6.09406e-05
7.59632e-06
2.40975e-05
0.000134673
0.000296463
0.000418429
0.000509868
0.00058075
0.000635998
0.000678075
0.000708751
0.000729972
0.000744167
0.000754138
0.000762525
0.000770927
0.000779018
0.00078424
0.000782591
0.000770529
0.000746816
0.000709946
0.000667006
0.000626938
0.000585386
0.000544023
0.000504341
0.000467513
0.000434104
0.000403736
0.000375024
0.000346161
0.000316046
0.00028505
0.000255368
0.000227982
0.000202478
0.000177056
0.000148752
0.000113303
6.48504e-05
7.64659e-06
2.27153e-05
0.000123807
0.000274299
0.000384027
0.000465287
0.000527815
0.000575575
0.000610297
0.00063341
0.000646897
0.000653602
0.000657087
0.000660972
0.000667731
0.00067738
0.000686994
0.000691904
0.000688185
0.000674285
0.000648965
0.000617908
0.000588435
0.000557631
0.0005268
0.00049697
0.000468798
0.000442409
0.000417281
0.000392382
0.000366637
0.000339507
0.000311227
0.000282479
0.000253918
0.000225253
0.000195031
0.000160837
0.000119119
6.53877e-05
7.54897e-06
2.11505e-05
0.000110278
0.000247096
0.000344231
0.00041626
0.00047189
0.00051375
0.000542716
0.000559854
0.000567195
0.000568025
0.000566719
0.000567905
0.000574856
0.000587668
0.000602694
0.000614359
0.000618189
0.000612138
0.00059585
0.000574109
0.000552931
0.000530474
0.000507694
0.000485215
0.000463303
0.00044183
0.00042031
0.000398071
0.000374534
0.000349445
0.000322898
0.000295134
0.000266208
0.000235642
0.000202441
0.000164734
0.000119617
6.38221e-05
7.32006e-06
1.94943e-05
9.47843e-05
0.000215375
0.000299882
0.000363774
0.000413945
0.000451406
0.000476116
0.000488772
0.000491483
0.00048804
0.000483712
0.000484174
0.000493331
0.000510929
0.000532124
0.000550175
0.000560158
0.000560124
0.000550644
0.000535845
0.000520745
0.000504255
0.000487041
0.000469455
0.000451564
0.00043319
0.000413992
0.000393584
0.00037167
0.000348114
0.000322913
0.000296073
0.000267439
0.000236516
0.000202327
0.000163256
0.000116945
6.12122e-05
7.00929e-06
1.78485e-05
7.91544e-05
0.000181158
0.00025312
0.000309744
0.00035559
0.000389889
0.000411603
0.000421034
0.000420398
0.000414076
0.000408351
0.000409966
0.00042318
0.000446786
0.000474201
0.000497507
0.000511822
0.000515905
0.000511164
0.000501176
0.000490214
0.000477679
0.000464045
0.000449521
0.000434121
0.000417717
0.000400111
0.000381099
0.000360525
0.000338294
0.00031434
0.000288549
0.000260659
0.000230155
0.000196154
0.000157299
0.000111728
5.78251e-05
6.65288e-06
1.62822e-05
6.57662e-05
0.000147698
0.000207031
0.000256672
0.000298833
0.000330877
0.000350597
0.00035779
0.000354779
0.000346643
0.00034083
0.000345158
0.000363827
0.000393934
0.000426748
0.000453578
0.000470243
0.000476626
0.000474816
0.000467902
0.000459589
0.000449564
0.000438184
0.000425603
0.000411839
0.000396831
0.00038048
0.000362681
0.000343343
0.000322383
0.000299697
0.000275116
0.000248338
0.000218863
0.000185907
0.00014833
0.000104622
5.36599e-05
6.25161e-06
1.48147e-05
5.62855e-05
0.000118396
0.00016484
0.000207055
0.000245614
0.000276043
0.000294617
0.000300339
0.000295579
0.000286233
0.000281145
0.00028926
0.000314226
0.000350622
0.000387383
0.000415758
0.000432892
0.000440074
0.000439784
0.000434666
0.000427973
0.000419528
0.000409615
0.000398362
0.000385807
0.000371933
0.000356699
0.000340051
0.000321927
0.000302249
0.000280901
0.000257695
0.000232333
0.000204357
0.000173089
0.00013757
9.65625e-05
4.92561e-05
5.80985e-06
1.34305e-05
5.09709e-05
9.55814e-05
0.000129208
0.000163098
0.000197611
0.000226905
0.000245259
0.00025025
0.000244026
0.000233377
0.000228898
0.000240948
0.000272245
0.000314084
0.000353142
0.000381407
0.000397854
0.0004049
0.000405206
0.00040105
0.000395323
0.000387893
0.000378993
0.000368736
0.000357171
0.000344307
0.000330131
0.000314615
0.000297712
0.000279352
0.000259419
0.000237737
0.000214032
0.000187906
0.000158779
0.000125845
8.8069e-05
4.48107e-05
5.34061e-06
1.21111e-05
4.86155e-05
7.93416e-05
0.000101494
0.000126676
0.000156516
0.000185254
0.000204969
0.00021059
0.00020326
0.000190388
0.000184662
0.000198776
0.000235035
0.00028114
0.000321453
0.000348941
0.000364279
0.000370748
0.000371098
0.000367371
0.00036219
0.000355414
0.000347242
0.000337774
0.000327061
0.000315124
0.000301962
0.000287561
0.000271884
0.000254869
0.000236415
0.000216365
0.000194485
0.000170434
0.000143728
0.000113684
7.9418e-05
4.038e-05
4.85214e-06
1.08011e-05
4.54426e-05
6.53628e-05
7.91151e-05
9.67934e-05
0.000121697
0.000150831
0.000175211
0.00018518
0.000178828
0.000163114
0.000152408
0.000162808
0.000199153
0.000247588
0.000289407
0.000316945
0.000331735
0.000337737
0.00033794
0.000334362
0.000329477
0.000323131
0.000315499
0.000306673
0.000296702
0.000285613
0.000273411
0.000260089
0.00024562
0.000229954
0.000213005
0.000194643
0.000174674
0.000152815
0.000128658
0.000101625
7.0942e-05
3.60936e-05
4.36654e-06
8.65619e-06
3.48991e-05
4.63595e-05
5.57723e-05
6.79093e-05
8.62168e-05
0.000114072
0.000146185
0.000166778
0.00016633
0.00014934
0.000132105
0.000134062
0.000164713
0.000212779
0.000256608
0.000285487
0.000300589
0.00030653
0.0003067
0.000303222
0.000298541
0.000292509
0.000285295
0.000276993
0.000267657
0.000257317
0.000245987
0.000233667
0.000220338
0.000205961
0.000190468
0.000173754
0.000155658
0.000135944
0.000114268
9.01327e-05
6.2858e-05
3.1967e-05
3.87584e-06
1.34296e-05
1.85392e-05
2.61874e-05
3.6149e-05
4.66203e-05
5.58333e-05
7.21427e-05
0.000103404
0.000134201
0.000142825
0.000127382
0.000110086
0.000114496
0.000149692
0.000200211
0.000242825
0.000269216
0.000282573
0.000287584
0.000287291
0.000283609
0.000278876
0.000272893
0.000265824
0.000257761
0.00024876
0.000238855
0.000228062
0.000216386
0.000203813
0.000190311
0.000175821
0.000160252
0.000143462
0.000125239
0.000105269
8.30886e-05
5.80465e-05
2.96235e-05
3.56791e-06
1.53217e-05
2.03787e-05
2.79328e-05
3.77693e-05
4.70384e-05
5.37525e-05
6.57693e-05
9.05801e-05
0.000117193
0.000124133
0.000108483
9.58961e-05
0.00010985
0.00015292
0.000203585
0.000241541
0.000263818
0.000274676
0.000278256
0.000277084
0.000272859
0.000267799
0.000261599
0.000254408
0.000246313
0.000237369
0.000227608
0.000217047
0.000205691
0.000193529
0.000180532
0.000166647
0.00015179
0.00013583
0.000118568
9.97053e-05
7.87921e-05
5.51705e-05
2.82311e-05
3.31839e-06
2.10171e-05
2.71968e-05
3.53421e-05
4.38007e-05
4.93894e-05
5.30176e-05
6.38329e-05
8.45932e-05
0.000104614
0.000104834
8.92346e-05
8.81705e-05
0.000119404
0.000171074
0.00021682
0.000246882
0.000263513
0.000271022
0.000272608
0.000270139
0.000265082
0.000259488
0.000252895
0.000245431
0.000237171
0.000228163
0.000218435
0.000208004
0.000196872
0.00018503
0.000172449
0.000159081
0.000144843
0.00012961
0.000113184
9.52662e-05
7.53901e-05
5.28629e-05
2.70108e-05
3.09978e-06
2.70091e-05
3.38491e-05
4.1289e-05
4.67608e-05
4.8299e-05
5.19977e-05
6.47139e-05
8.16355e-05
9.21293e-05
8.42891e-05
7.74216e-05
0.000101475
0.000152542
0.000202085
0.000236726
0.000257344
0.000267919
0.000271779
0.000271078
0.00026706
0.000260993
0.000254732
0.000247631
0.000239788
0.000231262
0.000222091
0.000212297
0.000201892
0.000190876
0.000179238
0.000166949
0.000153959
0.000140185
0.000125495
0.000109684
9.24315e-05
7.32438e-05
5.13872e-05
2.61665e-05
2.91442e-06
3.48719e-05
3.97263e-05
4.33381e-05
4.40013e-05
4.50437e-05
5.46141e-05
6.90951e-05
7.70483e-05
7.46027e-05
7.12474e-05
9.94738e-05
0.000152798
0.000201908
0.000236578
0.000258091
0.000269968
0.000275157
0.00027569
0.000272839
0.000267347
0.000260336
0.000253453
0.00024587
0.000237658
0.00022886
0.000219502
0.000209598
0.000199156
0.000188173
0.000176634
0.000164508
0.00015174
0.00013824
0.000123864
0.000108388
9.14629e-05
7.25539e-05
5.08868e-05
2.57754e-05
2.77646e-06
3.93661e-05
3.93393e-05
3.71304e-05
3.74921e-05
4.7427e-05
6.81969e-05
7.58093e-05
6.15388e-05
6.96184e-05
0.000111554
0.000165473
0.000209941
0.00024131
0.000261698
0.00027382
0.000279873
0.000281477
0.000279761
0.000275451
0.000268978
0.000261368
0.000254097
0.000246222
0.000237789
0.000228827
0.000219352
0.000209376
0.000198899
0.000187918
0.000176415
0.000164354
0.000151676
0.000138284
0.000124022
0.000108647
9.17865e-05
7.28705e-05
5.10929e-05
2.5778e-05
2.70042e-06
3.66143e-05
8.57311e-05
0.000512964
0.000614615
0.000624592
0.000560053
0.000465731
0.000354278
0.000239235
0.000163508
0.000126785
6.33762e-05
0.000109945
0.000204345
0.000247985
0.000260984
0.000269665
0.000266099
0.000205835
5.62639e-05
3.32146e-05
3.69506e-05
4.56338e-05
4.98681e-05
2.63267e-05
1.69541e-05
1.14864e-05
7.92236e-06
5.51547e-06
3.94805e-06
3.05073e-06
2.12916e-06
1.3561e-06
7.93742e-07
4.0339e-07
2.57386e-07
2.04279e-07
2.08116e-07
2.85543e-07
4.1483e-07
8.92007e-07
5.13356e-07
4.65311e-07
3.71066e-07
3.26255e-07
2.89084e-07
2.57404e-07
2.31744e-07
2.10868e-07
1.95059e-07
1.85714e-07
1.84423e-07
1.9318e-07
2.29182e-07
3.15709e-07
8.04526e-07
2.09253e-05
3.49014e-05
2.5904e-05
9.84502e-06
8.2629e-05
7.95796e-05
7.532e-05
7.18695e-05
6.9275e-05
6.69047e-05
6.39251e-05
6.00596e-05
5.53102e-05
4.98424e-05
4.38933e-05
3.77613e-05
3.18055e-05
2.66678e-05
2.28913e-05
2.0488e-05
1.95627e-05
2.05088e-05
2.31811e-05
2.79783e-05
3.40523e-05
3.4618e-05
3.08326e-05
2.82983e-05
2.58236e-05
2.34676e-05
2.12937e-05
1.92515e-05
1.73022e-05
1.54683e-05
1.37975e-05
1.22974e-05
1.08896e-05
9.80697e-06
8.91893e-06
8.25797e-06
3.04966e-05
3.76289e-05
2.76256e-05
1.06147e-05
0.000474724
0.000475018
0.000470969
0.000464901
0.000467551
0.000475295
0.000482485
0.000485498
0.000482082
0.00047084
0.000451228
0.000422275
0.000386982
0.000349904
0.000314724
0.000289452
0.000280613
0.000287484
0.0003095
0.000338858
0.000359374
0.000339144
0.000313372
0.000288975
0.000265592
0.000243664
0.00022318
0.000203798
0.000185043
0.000166644
0.000148494
0.000130231
0.000110268
8.94288e-05
6.84625e-05
4.81547e-05
4.4622e-05
4.24924e-05
3.07622e-05
1.1718e-05
0.000541229
0.00048988
0.000474942
0.000474706
0.000482394
0.000495198
0.000508703
0.000517861
0.000518884
0.00050873
0.00048523
0.000453202
0.000417023
0.000380983
0.000349178
0.000325568
0.000314565
0.000319243
0.000334954
0.000355715
0.000363066
0.000345727
0.000322826
0.000300211
0.000280442
0.000263445
0.000248733
0.000235512
0.00022267
0.000209159
0.000194218
0.000177052
0.000154563
0.000128167
9.99281e-05
7.19431e-05
5.62626e-05
4.78717e-05
3.44347e-05
1.28486e-05
0.000546419
0.000478553
0.000439652
0.000424949
0.00042492
0.000432235
0.000441293
0.000447212
0.000446327
0.000436525
0.000417406
0.000392257
0.000364758
0.000338111
0.000314995
0.000297591
0.000288375
0.000290102
0.000300975
0.000312937
0.000317932
0.000308923
0.000294929
0.000280187
0.00026756
0.000257431
0.000249443
0.000242775
0.00023604
0.000227703
0.000216527
0.000201298
0.000179905
0.000153103
0.000121936
8.92416e-05
6.63858e-05
5.34569e-05
3.83759e-05
1.39495e-05
0.000477676
0.000411332
0.000366462
0.00034038
0.000327976
0.000322635
0.000318611
0.000311919
0.000300583
0.000284572
0.000265835
0.000247426
0.000231966
0.000220159
0.000212293
0.000208319
0.000208485
0.000213559
0.000223409
0.000234486
0.000239959
0.000239548
0.000237472
0.000235351
0.000234157
0.000233918
0.000234397
0.000235112
0.000234971
0.000232603
0.000226582
0.000215191
0.000196447
0.000170555
0.000138669
0.000103431
7.56415e-05
5.90842e-05
4.24298e-05
1.50127e-05
0.000370343
0.000302696
0.00025939
0.000231527
0.000212895
0.000198272
0.000183573
0.000166646
0.000147523
0.000127436
0.00010952
9.69863e-05
9.04562e-05
8.95994e-05
9.2877e-05
9.93056e-05
0.000107889
0.000117819
0.000128305
0.000140049
0.0001513
0.000162879
0.000175828
0.000188896
0.000200706
0.000210542
0.000218414
0.000224618
0.000229223
0.000231516
0.000230039
0.000222843
0.000207642
0.000183832
0.000152356
0.000115527
8.42726e-05
6.46506e-05
4.65003e-05
1.60418e-05
0.000262484
0.000202098
0.00016423
0.000138924
0.000120158
0.000104041
8.84129e-05
7.2781e-05
5.78318e-05
4.5858e-05
3.78605e-05
3.29395e-05
3.04677e-05
3.0595e-05
3.42642e-05
4.09775e-05
4.99483e-05
6.02713e-05
7.13456e-05
8.4301e-05
0.000103702
0.000127654
0.0001522
0.000174084
0.000191963
0.000205691
0.000215665
0.000222784
0.000227662
0.000230748
0.000231338
0.000227213
0.000215395
0.000194184
0.000163881
0.000126474
9.23651e-05
7.00908e-05
5.05243e-05
1.70433e-05
0.000171985
0.000131647
0.000105722
8.67999e-05
7.16201e-05
5.86475e-05
4.72961e-05
3.77045e-05
3.07025e-05
2.67818e-05
2.54708e-05
2.65958e-05
3.01286e-05
3.60972e-05
4.40876e-05
5.34443e-05
6.41789e-05
7.65641e-05
9.15484e-05
0.00011029
0.000131613
0.000153212
0.000172899
0.000189966
0.000204442
0.000216184
0.000224791
0.000230108
0.000232644
0.000233695
0.000233605
0.000230573
0.000221129
0.000202392
0.00017365
0.000136409
0.000100058
7.53626e-05
5.44547e-05
1.80235e-05
0.000118629
9.17573e-05
7.53245e-05
6.26756e-05
5.20401e-05
4.32896e-05
3.66594e-05
3.26302e-05
3.17196e-05
3.41097e-05
3.98717e-05
4.85929e-05
5.94067e-05
7.14327e-05
8.41137e-05
9.61279e-05
0.000106791
0.000118142
0.000131816
0.000148519
0.000165563
0.000181603
0.000195875
0.000208579
0.000220147
0.000230339
0.000238117
0.000241894
0.000242056
0.00024031
0.000238005
0.000234324
0.00022594
0.000209096
0.000181951
0.000145344
0.000107641
8.04245e-05
5.82527e-05
1.89893e-05
0.000103754
5.92684e-05
4.70974e-05
4.34974e-05
4.04519e-05
3.80239e-05
3.75642e-05
4.08184e-05
4.74708e-05
5.5989e-05
6.47669e-05
7.29221e-05
8.07918e-05
8.92203e-05
9.87666e-05
0.000109559
0.000121577
0.000134642
0.000148818
0.000164342
0.00017972
0.000193939
0.000206642
0.000218497
0.000230173
0.00024134
0.000250466
0.000254642
0.000253534
0.000249355
0.000244414
0.00023904
0.000230558
0.000214839
0.000189061
0.000153302
0.000114906
8.54081e-05
6.18844e-05
1.9948e-05
5.98045e-05
4.85831e-05
4.35553e-05
4.18173e-05
4.17035e-05
4.67854e-05
4.91873e-05
5.70402e-05
6.48183e-05
7.09433e-05
7.65804e-05
8.24442e-05
8.8972e-05
9.65123e-05
0.000105125
0.000114504
0.000124673
0.000136376
0.000150243
0.000165728
0.000181309
0.000195748
0.000208935
0.000221829
0.000235234
0.000248736
0.000260442
0.000266572
0.000265394
0.000259545
0.000252182
0.000244712
0.000235342
0.00022002
0.000195241
0.00016035
0.000121706
9.03833e-05
6.53056e-05
2.09082e-05
0.000108662
0.000100973
8.9385e-05
7.70992e-05
6.86793e-05
6.58841e-05
6.6149e-05
6.99581e-05
7.56932e-05
8.16472e-05
8.76951e-05
9.42153e-05
0.000101308
0.000108987
0.000117013
0.000124965
0.000132657
0.000141073
0.000151946
0.000165687
0.000180773
0.000195581
0.000209804
0.000224262
0.000239617
0.000255332
0.000269353
0.000277738
0.000276885
0.00026993
0.000260583
0.000251037
0.000240368
0.00022488
0.000200706
0.000166585
0.000127961
9.52265e-05
6.85326e-05
2.18801e-05
0.000199921
0.00019388
0.000176659
0.000152068
0.000128475
0.000111576
0.000102267
9.94478e-05
0.000101195
0.000105726
0.000111933
0.000119103
0.000126584
0.000133853
0.000140636
0.000146755
0.000151854
0.000156482
0.000162796
0.000172838
0.000185996
0.000200405
0.000215264
0.00023082
0.000247282
0.000263978
0.00027895
0.000288556
0.000287786
0.000279926
0.000269014
0.00025763
0.000245539
0.000229522
0.000205609
0.000172105
0.000133643
9.98375e-05
7.15844e-05
2.28382e-05
0.0002434
0.000258539
0.000257697
0.000238604
0.000209837
0.000182104
0.000161677
0.000149838
0.000145309
0.000146128
0.000150386
0.000156431
0.00016293
0.000168966
0.000174147
0.00017835
0.000181229
0.000182935
0.000185243
0.000190979
0.000200971
0.000213932
0.000228456
0.000243973
0.000260061
0.000275971
0.000290085
0.000299125
0.000297994
0.000289184
0.000277036
0.000264139
0.000250692
0.000233958
0.000210047
0.000176997
0.000138758
0.000104144
7.44765e-05
2.37046e-05
0.000254671
0.000282577
0.000303776
0.000304178
0.00028466
0.00025589
0.000228765
0.000209191
0.000198124
0.000194091
0.000194905
0.00019844
0.000202982
0.000207376
0.000211052
0.000213781
0.00021524
0.000215418
0.000215578
0.000218296
0.000225091
0.000235763
0.000248797
0.000262923
0.000277132
0.000290662
0.00030235
0.000309403
0.000307326
0.000297441
0.000284344
0.000270287
0.000255655
0.00023815
0.000214069
0.000181328
0.000143325
0.000108101
7.71841e-05
2.44451e-05
0.000262848
0.000293429
0.000323549
0.000342454
0.000338724
0.000317384
0.000289601
0.000265314
0.000248848
0.000240135
0.000237243
0.000237932
0.00024033
0.000243141
0.000245642
0.00024746
0.000248282
0.000248057
0.000247652
0.000249018
0.000253719
0.00026209
0.000272876
0.000284505
0.000295793
0.000306046
0.000314412
0.000318732
0.000315527
0.000304427
0.000290717
0.00027588
0.000260292
0.000242048
0.000217699
0.000185151
0.000147373
0.000111686
7.96757e-05
2.50443e-05
0.000268001
0.000310256
0.000336427
0.000363992
0.000373394
0.000362493
0.000338456
0.00031249
0.000292147
0.00027946
0.00027323
0.000271326
0.000271813
0.000273305
0.000274951
0.00027627
0.000276937
0.000276897
0.000276745
0.00027784
0.000281426
0.000287883
0.000296233
0.000304991
0.000313032
0.000319778
0.00032468
0.000326222
0.000321648
0.000309859
0.000295983
0.000280798
0.000264512
0.000245611
0.000220951
0.00018851
0.000150936
0.000114894
8.19268e-05
2.54955e-05
0.000247214
0.000332754
0.000353966
0.000381305
0.000396867
0.000394195
0.000375338
0.000349783
0.000326941
0.000311049
0.000301983
0.000297883
0.000296792
0.000297234
0.000298258
0.000299292
0.000299996
0.000300297
0.000300595
0.000301796
0.000304751
0.000309666
0.000315735
0.000321712
0.000326671
0.000330183
0.000331917
0.000330902
0.000325466
0.000313601
0.000300021
0.000284974
0.000268275
0.000248826
0.000223845
0.000191448
0.000154053
0.000117734
8.39252e-05
2.57962e-05
0.000163361
0.000348519
0.000375779
0.000400609
0.000416912
0.00041792
0.000402941
0.000378514
0.00035413
0.000335687
0.000324236
0.000318294
0.000315909
0.000315512
0.000316051
0.000316882
0.000317634
0.000318198
0.000318822
0.000320086
0.000322509
0.000326098
0.000330147
0.000333657
0.000335925
0.000336678
0.000335761
0.000332599
0.000326384
0.000315767
0.0003028
0.000288373
0.00027158
0.000251714
0.000226425
0.000194025
0.000156782
0.000120235
8.56734e-05
2.59464e-05
5.92259e-05
0.000332836
0.000395603
0.000425391
0.000438409
0.000436636
0.000420991
0.000396374
0.000371147
0.000351422
0.000338733
0.000331809
0.000328713
0.000327838
0.000328088
0.000328787
0.000329548
0.000330235
0.000331
0.000332215
0.000334161
0.000336689
0.000339137
0.000340689
0.000340835
0.000339436
0.000336471
0.000331651
0.000324749
0.000315452
0.00030395
0.000290477
0.000273887
0.000253779
0.000228228
0.000195833
0.000158814
0.000122185
8.69384e-05
2.5753e-05
5.12248e-05
0.000329267
0.000412102
0.000445145
0.000454585
0.000448962
0.000431067
0.000405637
0.000380206
0.000360383
0.000347561
0.000340464
0.000337181
0.000336134
0.00033625
0.000336865
0.000337603
0.000338319
0.000339099
0.000340167
0.000341624
0.000343209
0.000344297
0.000344229
0.000342659
0.000339568
0.000335052
0.00032908
0.000321863
0.000313795
0.000303886
0.00029159
0.000275517
0.000255305
0.00022952
0.000197106
0.000160307
0.000123649
8.7801e-05
2.54523e-05
4.6014e-05
0.000319985
0.000420929
0.000458105
0.000465994
0.000457959
0.000438506
0.000412545
0.000387064
0.00036726
0.000354399
0.000347199
0.000343775
0.000342574
0.000342546
0.000343036
0.000343673
0.000344298
0.000344931
0.000345679
0.000346518
0.000347126
0.000346936
0.000345425
0.000342381
0.000337886
0.000332158
0.000325415
0.000318196
0.000311257
0.000302968
0.000291988
0.000276669
0.000256612
0.000230701
0.000198258
0.000161598
0.000124828
8.83656e-05
2.50288e-05
4.21198e-05
0.000308806
0.000423938
0.000465534
0.0004735
0.00046426
0.000443874
0.000417648
0.000392249
0.000372555
0.000359719
0.000352457
0.000348912
0.000347559
0.000347365
0.000347688
0.000348156
0.000348589
0.000348953
0.000349261
0.000349407
0.000349047
0.000347682
0.000344906
0.000340613
0.000334974
0.000328325
0.000321104
0.00031408
0.000308127
0.000301369
0.000291747
0.000277325
0.000257613
0.000231774
0.000199352
0.000162744
0.000125754
8.86494e-05
2.44955e-05
3.91383e-05
0.000296672
0.000422325
0.000468596
0.000477865
0.000468402
0.000447637
0.000421394
0.000396193
0.000376676
0.000363905
0.000356599
0.000352936
0.000351419
0.000351035
0.000351151
0.000351392
0.000351558
0.000351567
0.000351364
0.00035079
0.000349507
0.000347085
0.000343217
0.000337882
0.000331329
0.000324001
0.000316518
0.000309788
0.000304663
0.000299263
0.000290964
0.000277522
0.000258279
0.000232672
0.000200415
0.000163804
0.000126461
8.86741e-05
2.38649e-05
3.68025e-05
0.000284511
0.000417506
0.000468446
0.000479813
0.000470866
0.000450184
0.000424145
0.000399239
0.000379944
0.000367254
0.000359908
0.000356118
0.00035442
0.00035382
0.000353695
0.000353665
0.000353513
0.000353116
0.00035237
0.000351088
0.000348951
0.000345597
0.000340804
0.000334618
0.000327353
0.000319545
0.000311946
0.000305538
0.000301087
0.000296825
0.000289753
0.000277319
0.000258644
0.00023334
0.000201406
0.000164822
0.000126987
8.84669e-05
2.31502e-05
3.4933e-05
0.000273067
0.000410831
0.000466129
0.000480001
0.00047208
0.000451841
0.000426184
0.000401648
0.000382599
0.000369994
0.000362598
0.000358667
0.000356769
0.000355932
0.000355539
0.000355209
0.000354707
0.00035388
0.000352591
0.00035064
0.000347735
0.000343578
0.000338017
0.000331154
0.000323356
0.000315228
0.000307611
0.000301505
0.000297576
0.000294223
0.000288236
0.000276793
0.000258754
0.00023382
0.00020226
0.000165807
0.000127378
8.80612e-05
2.23679e-05
3.34117e-05
0.000262759
0.000403356
0.000462501
0.000478995
0.00047241
0.00045287
0.000427731
0.000403613
0.00038482
0.000372292
0.000364833
0.000360744
0.000358629
0.000357537
0.000356859
0.000356211
0.000355345
0.000354087
0.000352276
0.000349711
0.000346133
0.000341302
0.000335122
0.000327743
0.000319567
0.000311251
0.000303678
0.000297834
0.000294287
0.000291618
0.000286551
0.00027604
0.000258672
0.000234159
0.000202965
0.000166723
0.000127685
8.74982e-05
2.15386e-05
3.21586e-05
0.000253742
0.000395803
0.00045821
0.000477253
0.000472157
0.000453479
0.000428945
0.000405271
0.000386731
0.000374267
0.000366728
0.000362466
0.000360121
0.000358763
0.000357791
0.000356819
0.000355591
0.000353914
0.000351619
0.000348508
0.000344355
0.000338973
0.000332315
0.000324564
0.000316151
0.000307755
0.000300272
0.000294644
0.000291362
0.000289169
0.000284843
0.000275178
0.000258485
0.00023442
0.000203573
0.000167541
0.000127957
8.68276e-05
2.06898e-05
3.11171e-05
0.00024601
0.000388626
0.00045372
0.000475123
0.000471555
0.000453822
0.00042994
0.000406717
0.000388416
0.000375998
0.000368365
0.000363919
0.000361337
0.000359707
0.00035844
0.000357149
0.000355569
0.000353501
0.000350767
0.000347182
0.000342553
0.000336737
0.00032973
0.000321741
0.000313216
0.000304838
0.000297482
0.000292036
0.000288925
0.00028703
0.000283275
0.000274347
0.000258302
0.000234685
0.000204146
0.000168247
0.000128214
8.61101e-05
1.9857e-05
3.02459e-05
0.000239479
0.000382076
0.00044934
0.000472859
0.000470775
0.000454009
0.000430791
0.000408007
0.000389927
0.000377539
0.000369801
0.000365164
0.000362342
0.000360444
0.000358887
0.000357289
0.000355378
0.000352952
0.000349832
0.000345846
0.000340834
0.000334693
0.000327455
0.00031935
0.000310826
0.000302552
0.000295366
0.000290088
0.000287086
0.000285358
0.000282017
0.000273711
0.000258256
0.000235057
0.000204762
0.000168889
0.000128476
8.54205e-05
1.90845e-05
2.9514e-05
0.000234035
0.000376276
0.000445266
0.000470637
0.00046994
0.000454116
0.000431543
0.000409176
0.000391293
0.000378921
0.000371069
0.000366242
0.000363184
0.000361025
0.000359193
0.000357305
0.000355091
0.000352345
0.000348892
0.000344577
0.000339269
0.000332902
0.000325539
0.000317424
0.000309002
0.000300916
0.000293952
0.000288855
0.00028594
0.000284297
0.000281249
0.000273447
0.000258504
0.000235657
0.000205513
0.000169549
0.000128778
8.4844e-05
1.84238e-05
2.8898e-05
0.000229555
0.000371264
0.00044161
0.00046857
0.000469128
0.000454187
0.000432222
0.000410237
0.000392528
0.000380158
0.000372191
0.000367178
0.000363895
0.00036149
0.000359401
0.000357248
0.000354761
0.000351736
0.000348004
0.000343427
0.0003379
0.000331393
0.000323995
0.000315962
0.00030773
0.000299911
0.000293228
0.000288356
0.000285549
0.000283968
0.000281134
0.000273737
0.000259209
0.000236615
0.000206498
0.000170311
0.000129162
8.44619e-05
1.79285e-05
2.83797e-05
0.000225927
0.00036703
0.000438428
0.000466725
0.00046839
0.000454248
0.000432835
0.000411193
0.000393634
0.000381257
0.000373177
0.000367988
0.000364496
0.000361866
0.000359543
0.000357153
0.000354427
0.000351164
0.000347203
0.000342423
0.000336747
0.000330171
0.000322812
0.000314933
0.000306963
0.000299478
0.000293144
0.00028856
0.000285926
0.00028444
0.000281796
0.00027473
0.000260518
0.000238049
0.000207806
0.000171253
0.000129662
8.43281e-05
1.7645e-05
2.79454e-05
0.000223046
0.000363541
0.000435741
0.000465139
0.000467751
0.00045431
0.000433384
0.00041204
0.000394606
0.000382216
0.000374031
0.000368682
0.000365002
0.00036217
0.000359641
0.000357045
0.000354115
0.000350654
0.000346511
0.000341581
0.00033581
0.000329222
0.000321955
0.000314282
0.000306623
0.000299523
0.000293597
0.000289376
0.000287007
0.0002857
0.000283274
0.000276501
0.00026251
0.000240026
0.000209487
0.000172418
0.000130302
8.44519e-05
1.76033e-05
2.75845e-05
0.000220824
0.000360747
0.000433545
0.000463827
0.000467223
0.000454374
0.00043386
0.000412767
0.000395435
0.000383031
0.000374752
0.000369263
0.000365419
0.000362415
0.00035971
0.00035694
0.000353841
0.000350222
0.000345939
0.000340902
0.000335079
0.000328518
0.000321376
0.000313935
0.000306609
0.000299921
0.000294441
0.000290647
0.000288637
0.000287617
0.000285478
0.000278995
0.000265149
0.000242515
0.000211517
0.000173801
0.000131091
8.48099e-05
1.78093e-05
2.72899e-05
0.000219179
0.000358599
0.000431827
0.000462791
0.000466809
0.000454436
0.000434256
0.000413365
0.000396114
0.000383693
0.000375335
0.00036973
0.000365752
0.000362606
0.000359759
0.000356849
0.000353617
0.000349875
0.000345488
0.00034038
0.000334535
0.000328023
0.000321016
0.000313807
0.000306807
0.000300521
0.000295489
0.00029215
0.000290566
0.000289929
0.000288152
0.000281974
0.000268224
0.000245337
0.000213761
0.000175315
0.000131983
8.53377e-05
1.82469e-05
2.70585e-05
0.000218037
0.000357048
0.000430569
0.000462027
0.000466506
0.00045449
0.000434562
0.000413822
0.00039663
0.000384197
0.000375776
0.000370082
0.000366002
0.000362747
0.000359792
0.000356777
0.000353447
0.000349616
0.000345157
0.000340004
0.000334156
0.000327698
0.000320816
0.000313812
0.000307095
0.000301162
0.000296533
0.000293623
0.000292469
0.000292256
0.000290882
0.000285017
0.000271335
0.000248152
0.000215967
0.000176793
0.00013287
8.5935e-05
1.88831e-05
2.68973e-05
0.000217331
0.000356056
0.000429756
0.000461532
0.000466313
0.000454533
0.000434771
0.00041413
0.000396978
0.000384534
0.000376072
0.000370318
0.000366168
0.000362841
0.000359814
0.000356729
0.000353334
0.000349445
0.000344942
0.000339763
0.000333919
0.000327506
0.000320721
0.000313869
0.000307363
0.000301694
0.000297371
0.000294797
0.000293999
0.000294163
0.000293156
0.000287569
0.000273941
0.000250495
0.000217786
0.000178006
0.000133604
8.64841e-05
1.9643e-05
2.68508e-05
0.000217116
0.000355724
0.000429477
0.000461361
0.000466246
0.000454547
0.000434845
0.000414241
0.000397102
0.000384656
0.000376179
0.000370403
0.000366228
0.000362875
0.000359821
0.000356711
0.000353291
0.000349382
0.000344862
0.000339675
0.000333834
0.00032744
0.000320693
0.000313903
0.000307482
0.000301919
0.000297721
0.000295286
0.000294641
0.000294977
0.000294145
0.000288692
0.000275092
0.000251527
0.000218579
0.000178529
0.000133915
8.67593e-05
2.41153e-05
2.68291e-05
0.000217036
0.000355612
0.000429385
0.000461305
0.000466224
0.000454552
0.000434869
0.000414277
0.000397143
0.000384696
0.000376215
0.000370431
0.000366248
0.000362886
0.000359823
0.000356705
0.000353278
0.000349361
0.000344836
0.000339646
0.000333807
0.000327419
0.000320686
0.000313916
0.000307524
0.000301998
0.000297843
0.000295456
0.000294864
0.000295264
0.000294498
0.000289097
0.00027551
0.000251905
0.000218872
0.000178725
0.000134034
8.68708e-05
2.57876e-05
)
;

boundaryField
{
    inlet
    {
        type            calculated;
        value           uniform 3.68582e-05;
    }
    outlet
    {
        type            calculated;
        value           nonuniform List<scalar> 2(2.41153e-05 2.57876e-05);
    }
    hopper_outlet
    {
        type            calculated;
        value           nonuniform List<scalar> 
40
(
1.82489e-05
9.56557e-05
0.000182564
0.000259959
0.000327043
0.000385277
0.000437235
0.000487226
0.0005421
0.000610777
0.000700038
0.000806598
0.000918918
0.00102227
0.00110348
0.00114929
0.00115029
0.00110959
0.00103414
0.000935086
0.000837418
0.000759189
0.00069178
0.000638807
0.000600359
0.000573998
0.000556637
0.000545906
0.000540409
0.000539303
0.000541818
0.00054716
0.000554632
0.000563581
0.000573287
0.000583797
0.000595262
0.000607318
0.000617554
0.00062171
)
;
    }
    Wall
    {
        type            nutkWallFunction;
        blending        stepwise;
        value           nonuniform List<scalar> 
129
(
2.00182e-06
2.49173e-06
3.03589e-06
3.53747e-06
4.02765e-06
4.51158e-06
5.00124e-06
5.50691e-06
6.03607e-06
6.59294e-06
7.17922e-06
7.79474e-06
8.06356e-06
7.90608e-06
7.73396e-06
7.55466e-06
7.37211e-06
7.18795e-06
7.00157e-06
6.81131e-06
6.61486e-06
6.40974e-06
6.19355e-06
5.9642e-06
5.72001e-06
5.45954e-06
5.18143e-06
4.88409e-06
4.56608e-06
4.22655e-06
3.86493e-06
3.47883e-06
3.21629e-06
3.14651e-06
3.05959e-06
2.94126e-06
2.79011e-06
2.60609e-06
2.39597e-06
2.17135e-06
1.94558e-06
1.72813e-06
1.52179e-06
1.32456e-06
1.13395e-06
9.41853e-07
6.19976e-07
2.18817e-07
4.68975e-07
3.8865e-07
4.60284e-07
4.68078e-07
4.52935e-07
4.17288e-07
3.68621e-07
3.12408e-07
2.48579e-07
1.77593e-07
1.01286e-07
2.07549e-08
0
0
0
0
0
0
0
0
6.80869e-06
7.16123e-06
6.20259e-06
5.56891e-06
5.08977e-06
4.71935e-06
4.42678e-06
4.19098e-06
3.99795e-06
3.83814e-06
3.70474e-06
3.59272e-06
3.49831e-06
3.41862e-06
3.35141e-06
3.29496e-06
3.24798e-06
3.20957e-06
3.17935e-06
3.15829e-06
3.15222e-06
3.14939e-06
8.01349e-07
9.15889e-07
1.07806e-06
1.24199e-06
1.3997e-06
1.5504e-06
1.69495e-06
1.83443e-06
1.96992e-06
2.10248e-06
2.2332e-06
2.36331e-06
2.49422e-06
2.62254e-06
2.73797e-06
2.83617e-06
2.91534e-06
2.97477e-06
3.01428e-06
3.03393e-06
3.00843e-06
2.96875e-06
2.9128e-06
2.84219e-06
2.75845e-06
2.66322e-06
2.55855e-06
2.44711e-06
2.33248e-06
2.21943e-06
2.11405e-06
2.02352e-06
1.95541e-06
1.91638e-06
1.9107e-06
1.93921e-06
1.99952e-06
2.08681e-06
2.19053e-06
)
;
    }
    bottom
    {
        type            slip;
    }
    top
    {
        type            symmetryPlane;
    }
    front
    {
        type            wedge;
    }
    back
    {
        type            wedge;
    }
}


// ************************************************************************* //
