/*--------------------------------*- C++ -*----------------------------------*\
| =========                 |                                                 |
| \\      /  F ield         | OpenFOAM: The Open Source CFD Toolbox           |
|  \\    /   O peration     | Version:  2312                                  |
|   \\  /    A nd           | Website:  www.openfoam.com                      |
|    \\/     M anipulation  |                                                 |
\*---------------------------------------------------------------------------*/
FoamFile
{
    version     2.0;
    format      ascii;
    arch        "LSB;label=32;scalar=64";
    class       volVectorField;
    location    "13122.1";
    object      Udm;
}
// * * * * * * * * * * * * * * * * * * * * * * * * * * * * * * * * * * * * * //

dimensions      [0 1 -1 0 0 0 0];

internalField   nonuniform List<vector> 
3780
(
(0 -0.00380203 0)
(0 -0.00380684 0)
(0 -0.00381044 0)
(0 -0.00381334 0)
(0 -0.00381564 0)
(0 -0.00381701 0)
(0 -0.00381699 0)
(0 -0.00381503 0)
(0 -0.00381076 0)
(0 -0.00380365 0)
(0 -0.00379281 0)
(0 -0.00377652 0)
(0 -0.00375228 0)
(0 -0.00371739 0)
(0 -0.00366908 0)
(0 -0.00360555 0)
(0 -0.0035352 0)
(0 -0.0034637 0)
(0 -0.00339455 0)
(0 -0.00333139 0)
(0 -0.0032819 0)
(0 -0.00324694 0)
(0 -0.00321574 0)
(0 -0.00319051 0)
(0 -0.00317079 0)
(0 -0.00315625 0)
(0 -0.00314503 0)
(0 -0.00313501 0)
(0 -0.00312443 0)
(0 -0.00311286 0)
(0 -0.00310024 0)
(0 -0.00308615 0)
(0 -0.00307006 0)
(0 -0.00305143 0)
(0 -0.00302987 0)
(0 -0.00299823 0)
(0 -0.00295688 0)
(0 -0.00291399 0)
(0 -0.00288288 0)
(0 -0.0028755 0)
(0 -0.00378352 0)
(0 -0.00379577 0)
(0 -0.0038042 0)
(0 -0.00381044 0)
(0 -0.00381484 0)
(0 -0.00381732 0)
(0 -0.00381758 0)
(0 -0.00381517 0)
(0 -0.00380947 0)
(0 -0.00379972 0)
(0 -0.00378482 0)
(0 -0.00376296 0)
(0 -0.00373186 0)
(0 -0.00368881 0)
(0 -0.00363088 0)
(0 -0.0035593 0)
(0 -0.00348327 0)
(0 -0.00340817 0)
(0 -0.00333832 0)
(0 -0.00327632 0)
(0 -0.00323069 0)
(0 -0.00319875 0)
(0 -0.00317336 0)
(0 -0.0031541 0)
(0 -0.00313905 0)
(0 -0.00312778 0)
(0 -0.00311815 0)
(0 -0.00310874 0)
(0 -0.00309907 0)
(0 -0.00308887 0)
(0 -0.00307704 0)
(0 -0.00306215 0)
(0 -0.00304295 0)
(0 -0.00301813 0)
(0 -0.0029866 0)
(0 -0.00294117 0)
(0 -0.00290424 0)
(0 -0.00286963 0)
(0 -0.00285436 0)
(0 -0.00285312 0)
(0 -0.0037817 0)
(0 -0.00379717 0)
(0 -0.00380764 0)
(0 -0.00381547 0)
(0 -0.00382114 0)
(0 -0.00382454 0)
(0 -0.00382536 0)
(0 -0.00382309 0)
(0 -0.00381699 0)
(0 -0.0038061 0)
(0 -0.0037892 0)
(0 -0.00376453 0)
(0 -0.00372996 0)
(0 -0.00368297 0)
(0 -0.0036216 0)
(0 -0.00354662 0)
(0 -0.00346734 0)
(0 -0.0033902 0)
(0 -0.00332073 0)
(0 -0.00326234 0)
(0 -0.00322265 0)
(0 -0.00319748 0)
(0 -0.00317966 0)
(0 -0.0031676 0)
(0 -0.00315993 0)
(0 -0.00315507 0)
(0 -0.00315149 0)
(0 -0.00314817 0)
(0 -0.00314414 0)
(0 -0.00313796 0)
(0 -0.00312797 0)
(0 -0.00311297 0)
(0 -0.00309173 0)
(0 -0.00306289 0)
(0 -0.00302482 0)
(0 -0.00297948 0)
(0 -0.00293712 0)
(0 -0.00289469 0)
(0 -0.00286953 0)
(0 -0.0028675 0)
(0 -0.0037797 0)
(0 -0.00379978 0)
(0 -0.00381334 0)
(0 -0.00382357 0)
(0 -0.00383124 0)
(0 -0.00383633 0)
(0 -0.00383855 0)
(0 -0.00383743 0)
(0 -0.00383227 0)
(0 -0.0038221 0)
(0 -0.00380571 0)
(0 -0.00378148 0)
(0 -0.00374739 0)
(0 -0.00370116 0)
(0 -0.00364089 0)
(0 -0.00356738 0)
(0 -0.00348588 0)
(0 -0.00340636 0)
(0 -0.00333594 0)
(0 -0.00327942 0)
(0 -0.00324466 0)
(0 -0.00322514 0)
(0 -0.00321405 0)
(0 -0.00320935 0)
(0 -0.00320903 0)
(0 -0.00321123 0)
(0 -0.00321425 0)
(0 -0.00321657 0)
(0 -0.00321679 0)
(0 -0.00321331 0)
(0 -0.00320503 0)
(0 -0.00319094 0)
(0 -0.00316984 0)
(0 -0.00314033 0)
(0 -0.00310074 0)
(0 -0.00305167 0)
(0 -0.0029981 0)
(0 -0.0029449 0)
(0 -0.00291241 0)
(0 -0.00291335 0)
(0 -0.00377691 0)
(0 -0.00380272 0)
(0 -0.00382022 0)
(0 -0.00383359 0)
(0 -0.00384395 0)
(0 -0.00385143 0)
(0 -0.00385579 0)
(0 -0.00385662 0)
(0 -0.00385329 0)
(0 -0.00384496 0)
(0 -0.00383044 0)
(0 -0.00380842 0)
(0 -0.00377706 0)
(0 -0.00373417 0)
(0 -0.00367776 0)
(0 -0.00360754 0)
(0 -0.00352744 0)
(0 -0.00344518 0)
(0 -0.00337142 0)
(0 -0.00331403 0)
(0 -0.00328175 0)
(0 -0.00326595 0)
(0 -0.00325972 0)
(0 -0.00326043 0)
(0 -0.00326556 0)
(0 -0.00327287 0)
(0 -0.00328038 0)
(0 -0.00328643 0)
(0 -0.00328956 0)
(0 -0.00328848 0)
(0 -0.00328225 0)
(0 -0.00326981 0)
(0 -0.00324992 0)
(0 -0.00322105 0)
(0 -0.00318136 0)
(0 -0.00312986 0)
(0 -0.00307012 0)
(0 -0.00300686 0)
(0 -0.00296776 0)
(0 -0.00296743 0)
(0 -0.00377289 0)
(0 -0.00380556 0)
(0 -0.00382785 0)
(0 -0.00384505 0)
(0 -0.00385876 0)
(0 -0.00386924 0)
(0 -0.00387632 0)
(0 -0.00387965 0)
(0 -0.00387868 0)
(0 -0.00387266 0)
(0 -0.00386058 0)
(0 -0.00384139 0)
(0 -0.00381343 0)
(0 -0.00377474 0)
(0 -0.00372324 0)
(0 -0.00365786 0)
(0 -0.00358056 0)
(0 -0.00349802 0)
(0 -0.00342038 0)
(0 -0.00335919 0)
(0 -0.0033267 0)
(0 -0.00331226 0)
(0 -0.00330847 0)
(0 -0.00331214 0)
(0 -0.00332034 0)
(0 -0.00333061 0)
(0 -0.00334093 0)
(0 -0.00334963 0)
(0 -0.00335533 0)
(0 -0.00335683 0)
(0 -0.00335313 0)
(0 -0.00334304 0)
(0 -0.00332511 0)
(0 -0.00329756 0)
(0 -0.00325816 0)
(0 -0.003205 0)
(0 -0.0031404 0)
(0 -0.00306737 0)
(0 -0.00302044 0)
(0 -0.00301661 0)
(0 -0.00376743 0)
(0 -0.00380802 0)
(0 -0.00383591 0)
(0 -0.00385762 0)
(0 -0.00387528 0)
(0 -0.00388929 0)
(0 -0.00389957 0)
(0 -0.0039058 0)
(0 -0.00390751 0)
(0 -0.00390406 0)
(0 -0.00389461 0)
(0 -0.00387806 0)
(0 -0.0038532 0)
(0 -0.00381836 0)
(0 -0.00377154 0)
(0 -0.0037112 0)
(0 -0.00363787 0)
(0 -0.00355636 0)
(0 -0.00347654 0)
(0 -0.0034108 0)
(0 -0.00337592 0)
(0 -0.00336085 0)
(0 -0.00335748 0)
(0 -0.00336216 0)
(0 -0.00337169 0)
(0 -0.00338351 0)
(0 -0.00339564 0)
(0 -0.0034065 0)
(0 -0.00341475 0)
(0 -0.00341914 0)
(0 -0.0034185 0)
(0 -0.00341145 0)
(0 -0.00339631 0)
(0 -0.00337094 0)
(0 -0.00333258 0)
(0 -0.00327851 0)
(0 -0.00320889 0)
(0 -0.00312383 0)
(0 -0.00306931 0)
(0 -0.00306196 0)
(0 -0.00376039 0)
(0 -0.00380988 0)
(0 -0.00384409 0)
(0 -0.00387093 0)
(0 -0.00389309 0)
(0 -0.00391115 0)
(0 -0.00392505 0)
(0 -0.00393448 0)
(0 -0.00393901 0)
(0 -0.00393805 0)
(0 -0.0039309 0)
(0 -0.00391657 0)
(0 -0.00389421 0)
(0 -0.00386238 0)
(0 -0.00381931 0)
(0 -0.00376328 0)
(0 -0.00369396 0)
(0 -0.00361461 0)
(0 -0.00353396 0)
(0 -0.00346516 0)
(0 -0.00342727 0)
(0 -0.00341045 0)
(0 -0.00340627 0)
(0 -0.0034108 0)
(0 -0.00342067 0)
(0 -0.00343329 0)
(0 -0.00344672 0)
(0 -0.00345948 0)
(0 -0.00347024 0)
(0 -0.00347762 0)
(0 -0.00348031 0)
(0 -0.00347683 0)
(0 -0.00346525 0)
(0 -0.00344305 0)
(0 -0.00340684 0)
(0 -0.00335271 0)
(0 -0.00327747 0)
(0 -0.00317831 0)
(0 -0.00311365 0)
(0 -0.0031019 0)
(0 -0.0037517 0)
(0 -0.00381094 0)
(0 -0.00385212 0)
(0 -0.00388468 0)
(0 -0.00391191 0)
(0 -0.0039345 0)
(0 -0.00395241 0)
(0 -0.00396529 0)
(0 -0.0039727 0)
(0 -0.00397409 0)
(0 -0.00396885 0)
(0 -0.00395621 0)
(0 -0.0039355 0)
(0 -0.00390555 0)
(0 -0.00386487 0)
(0 -0.00381185 0)
(0 -0.0037458 0)
(0 -0.00366896 0)
(0 -0.00358896 0)
(0 -0.0035188 0)
(0 -0.00347907 0)
(0 -0.00346055 0)
(0 -0.00345518 0)
(0 -0.00345912 0)
(0 -0.00346894 0)
(0 -0.00348204 0)
(0 -0.00349654 0)
(0 -0.00351103 0)
(0 -0.00352404 0)
(0 -0.00353411 0)
(0 -0.00353997 0)
(0 -0.00354012 0)
(0 -0.00353256 0)
(0 -0.00351446 0)
(0 -0.00348171 0)
(0 -0.00342867 0)
(0 -0.00334842 0)
(0 -0.00323413 0)
(0 -0.00315459 0)
(0 -0.00313693 0)
(0 -0.00374126 0)
(0 -0.00381105 0)
(0 -0.00385978 0)
(0 -0.00389865 0)
(0 -0.00393151 0)
(0 -0.00395917 0)
(0 -0.00398149 0)
(0 -0.00399805 0)
(0 -0.00400835 0)
(0 -0.00401187 0)
(0 -0.00400808 0)
(0 -0.00399646 0)
(0 -0.00397631 0)
(0 -0.00394689 0)
(0 -0.0039071 0)
(0 -0.00385563 0)
(0 -0.00379182 0)
(0 -0.00371747 0)
(0 -0.00363944 0)
(0 -0.00357019 0)
(0 -0.00353036 0)
(0 -0.0035112 0)
(0 -0.00350514 0)
(0 -0.00350861 0)
(0 -0.00351835 0)
(0 -0.00353184 0)
(0 -0.00354721 0)
(0 -0.00356304 0)
(0 -0.00357761 0)
(0 -0.00358962 0)
(0 -0.00359795 0)
(0 -0.00360127 0)
(0 -0.0035977 0)
(0 -0.00358435 0)
(0 -0.00355654 0)
(0 -0.00350684 0)
(0 -0.00342432 0)
(0 -0.00329548 0)
(0 -0.00319235 0)
(0 -0.00316624 0)
(0 -0.003729 0)
(0 -0.00381014 0)
(0 -0.003867 0)
(0 -0.00391277 0)
(0 -0.00395191 0)
(0 -0.0039852 0)
(0 -0.00401236 0)
(0 -0.0040328 0)
(0 -0.0040459 0)
(0 -0.0040511 0)
(0 -0.00404795 0)
(0 -0.00403611 0)
(0 -0.00401524 0)
(0 -0.00398498 0)
(0 -0.00394466 0)
(0 -0.0038935 0)
(0 -0.00383121 0)
(0 -0.00375965 0)
(0 -0.00368526 0)
(0 -0.00361962 0)
(0 -0.003582 0)
(0 -0.00356377 0)
(0 -0.00355797 0)
(0 -0.00356138 0)
(0 -0.00357099 0)
(0 -0.00358444 0)
(0 -0.00360002 0)
(0 -0.00361627 0)
(0 -0.0036314 0)
(0 -0.00364445 0)
(0 -0.00365455 0)
(0 -0.00366059 0)
(0 -0.00366082 0)
(0 -0.00365229 0)
(0 -0.00362992 0)
(0 -0.00358497 0)
(0 -0.0035023 0)
(0 -0.00336404 0)
(0 -0.00322227 0)
(0 -0.00318771 0)
(0 -0.00371538 0)
(0 -0.00380886 0)
(0 -0.00387455 0)
(0 -0.00392802 0)
(0 -0.00397421 0)
(0 -0.00401375 0)
(0 -0.00404612 0)
(0 -0.00407048 0)
(0 -0.00408598 0)
(0 -0.00409198 0)
(0 -0.00408812 0)
(0 -0.00407436 0)
(0 -0.00405083 0)
(0 -0.00401788 0)
(0 -0.00397572 0)
(0 -0.00392423 0)
(0 -0.0038637 0)
(0 -0.00379646 0)
(0 -0.00372869 0)
(0 -0.00367051 0)
(0 -0.00363787 0)
(0 -0.00362193 0)
(0 -0.00361676 0)
(0 -0.0036197 0)
(0 -0.00362829 0)
(0 -0.0036406 0)
(0 -0.00365512 0)
(0 -0.00367016 0)
(0 -0.00368469 0)
(0 -0.00369817 0)
(0 -0.00370982 0)
(0 -0.0037185 0)
(0 -0.00372231 0)
(0 -0.00371801 0)
(0 -0.0037003 0)
(0 -0.00366058 0)
(0 -0.00358405 0)
(0 -0.00344855 0)
(0 -0.00323722 0)
(0 -0.00320598 0)
(0 -0.00370279 0)
(0 -0.00380732 0)
(0 -0.00388046 0)
(0 -0.00394088 0)
(0 -0.00399374 0)
(0 -0.00403948 0)
(0 -0.00407725 0)
(0 -0.00410594 0)
(0 -0.00412444 0)
(0 -0.00413187 0)
(0 -0.00412792 0)
(0 -0.00411281 0)
(0 -0.00408717 0)
(0 -0.00405355 0)
(0 -0.00401284 0)
(0 -0.00396516 0)
(0 -0.00391091 0)
(0 -0.00385179 0)
(0 -0.00379205 0)
(0 -0.00373876 0)
(0 -0.00370544 0)
(0 -0.00368557 0)
(0 -0.00367505 0)
(0 -0.00367244 0)
(0 -0.00367609 0)
(0 -0.00368443 0)
(0 -0.00369598 0)
(0 -0.00370953 0)
(0 -0.00372454 0)
(0 -0.00374021 0)
(0 -0.00375551 0)
(0 -0.00376906 0)
(0 -0.00377791 0)
(0 -0.00377731 0)
(0 -0.00376037 0)
(0 -0.00371912 0)
(0 -0.00364594 0)
(0 -0.00352816 0)
(0 -0.00339454 0)
(0 -0.0032727 0)
(0 -0.00368655 0)
(0 -0.00379679 0)
(0 -0.00387465 0)
(0 -0.00393973 0)
(0 -0.00399759 0)
(0 -0.00404874 0)
(0 -0.00409226 0)
(0 -0.00412693 0)
(0 -0.0041514 0)
(0 -0.00416442 0)
(0 -0.00416529 0)
(0 -0.00415396 0)
(0 -0.00413105 0)
(0 -0.00409791 0)
(0 -0.00405804 0)
(0 -0.00401277 0)
(0 -0.00396285 0)
(0 -0.00390961 0)
(0 -0.00385588 0)
(0 -0.00380638 0)
(0 -0.00377266 0)
(0 -0.00374992 0)
(0 -0.00373433 0)
(0 -0.00372538 0)
(0 -0.00372216 0)
(0 -0.00372367 0)
(0 -0.00372894 0)
(0 -0.0037371 0)
(0 -0.00374756 0)
(0 -0.00376018 0)
(0 -0.00377516 0)
(0 -0.00379287 0)
(0 -0.00381389 0)
(0 -0.00383806 0)
(0 -0.0038636 0)
(0 -0.00388931 0)
(0 -0.00391349 0)
(0 -0.00393361 0)
(0 -0.0039493 0)
(0 -0.00396134 0)
(0 -0.00366771 0)
(0 -0.00378317 0)
(0 -0.0038655 0)
(0 -0.00393497 0)
(0 -0.00399751 0)
(0 -0.00405374 0)
(0 -0.00410291 0)
(0 -0.0041437 0)
(0 -0.00417461 0)
(0 -0.00419398 0)
(0 -0.00420063 0)
(0 -0.00419401 0)
(0 -0.00417452 0)
(0 -0.00414334 0)
(0 -0.00410406 0)
(0 -0.00405982 0)
(0 -0.00401216 0)
(0 -0.00396253 0)
(0 -0.00391307 0)
(0 -0.00386707 0)
(0 -0.00383434 0)
(0 -0.00381096 0)
(0 -0.00379318 0)
(0 -0.0037808 0)
(0 -0.00377329 0)
(0 -0.00376998 0)
(0 -0.00377019 0)
(0 -0.00377328 0)
(0 -0.00377869 0)
(0 -0.00378599 0)
(0 -0.00379485 0)
(0 -0.00380513 0)
(0 -0.0038169 0)
(0 -0.00383043 0)
(0 -0.00384565 0)
(0 -0.0038621 0)
(0 -0.00387906 0)
(0 -0.00389572 0)
(0 -0.00391169 0)
(0 -0.003927 0)
(0 -0.00364677 0)
(0 -0.00376702 0)
(0 -0.00385351 0)
(0 -0.00392708 0)
(0 -0.00399406 0)
(0 -0.00405525 0)
(0 -0.00410996 0)
(0 -0.0041569 0)
(0 -0.00419448 0)
(0 -0.00422098 0)
(0 -0.00423476 0)
(0 -0.00423452 0)
(0 -0.00422011 0)
(0 -0.00419255 0)
(0 -0.00415421 0)
(0 -0.00411035 0)
(0 -0.00406369 0)
(0 -0.00401605 0)
(0 -0.00396936 0)
(0 -0.00392604 0)
(0 -0.00389457 0)
(0 -0.00387147 0)
(0 -0.00385297 0)
(0 -0.00383897 0)
(0 -0.00382912 0)
(0 -0.00382294 0)
(0 -0.00381994 0)
(0 -0.00381961 0)
(0 -0.00382149 0)
(0 -0.00382518 0)
(0 -0.00383031 0)
(0 -0.00383658 0)
(0 -0.00384376 0)
(0 -0.00385174 0)
(0 -0.00386047 0)
(0 -0.00386994 0)
(0 -0.00388012 0)
(0 -0.00389088 0)
(0 -0.00390206 0)
(0 -0.00391364 0)
(0 -0.00362398 0)
(0 -0.00374861 0)
(0 -0.0038389 0)
(0 -0.00391625 0)
(0 -0.00398736 0)
(0 -0.00405323 0)
(0 -0.00411331 0)
(0 -0.00416642 0)
(0 -0.00421097 0)
(0 -0.00424514 0)
(0 -0.00426704 0)
(0 -0.00427492 0)
(0 -0.00426761 0)
(0 -0.00424542 0)
(0 -0.0042102 0)
(0 -0.004167 0)
(0 -0.00412082 0)
(0 -0.00407419 0)
(0 -0.00402914 0)
(0 -0.00398769 0)
(0 -0.00395741 0)
(0 -0.00393496 0)
(0 -0.00391655 0)
(0 -0.00390206 0)
(0 -0.00389119 0)
(0 -0.00388358 0)
(0 -0.00387882 0)
(0 -0.00387652 0)
(0 -0.00387631 0)
(0 -0.00387784 0)
(0 -0.00388076 0)
(0 -0.0038848 0)
(0 -0.00388966 0)
(0 -0.00389513 0)
(0 -0.00390103 0)
(0 -0.00390724 0)
(0 -0.00391374 0)
(0 -0.00392054 0)
(0 -0.00392772 0)
(0 -0.00393546 0)
(0 -0.00359948 0)
(0 -0.00372814 0)
(0 -0.00382188 0)
(0 -0.00390265 0)
(0 -0.00397751 0)
(0 -0.00404767 0)
(0 -0.00411278 0)
(0 -0.00417181 0)
(0 -0.00422332 0)
(0 -0.00426553 0)
(0 -0.00429639 0)
(0 -0.00431383 0)
(0 -0.00431606 0)
(0 -0.00430209 0)
(0 -0.00427294 0)
(0 -0.00423189 0)
(0 -0.00418637 0)
(0 -0.00414045 0)
(0 -0.0040965 0)
(0 -0.00405646 0)
(0 -0.00402729 0)
(0 -0.0040057 0)
(0 -0.00398788 0)
(0 -0.00397366 0)
(0 -0.00396274 0)
(0 -0.0039548 0)
(0 -0.0039495 0)
(0 -0.00394651 0)
(0 -0.00394552 0)
(0 -0.00394623 0)
(0 -0.00394836 0)
(0 -0.00395164 0)
(0 -0.00395582 0)
(0 -0.00396066 0)
(0 -0.00396595 0)
(0 -0.00397151 0)
(0 -0.00397721 0)
(0 -0.00398297 0)
(0 -0.00398882 0)
(0 -0.00399489 0)
(0 -0.00357329 0)
(0 -0.00370566 0)
(0 -0.00380253 0)
(0 -0.00388636 0)
(0 -0.00396456 0)
(0 -0.00403856 0)
(0 -0.0041082 0)
(0 -0.00417267 0)
(0 -0.00423076 0)
(0 -0.00428088 0)
(0 -0.00432104 0)
(0 -0.00434902 0)
(0 -0.00436257 0)
(0 -0.00435992 0)
(0 -0.00434033 0)
(0 -0.00430574 0)
(0 -0.00426227 0)
(0 -0.0042176 0)
(0 -0.004175 0)
(0 -0.00413653 0)
(0 -0.00410872 0)
(0 -0.00408832 0)
(0 -0.0040716 0)
(0 -0.00405833 0)
(0 -0.00404821 0)
(0 -0.00404094 0)
(0 -0.00403621 0)
(0 -0.00403375 0)
(0 -0.00403328 0)
(0 -0.00403456 0)
(0 -0.00403733 0)
(0 -0.00404137 0)
(0 -0.00404646 0)
(0 -0.00405235 0)
(0 -0.00405885 0)
(0 -0.00406573 0)
(0 -0.00407283 0)
(0 -0.00407999 0)
(0 -0.00408713 0)
(0 -0.00409426 0)
(0 -0.00354532 0)
(0 -0.00368112 0)
(0 -0.00378081 0)
(0 -0.00386739 0)
(0 -0.00394854 0)
(0 -0.00402588 0)
(0 -0.00409945 0)
(0 -0.00416868 0)
(0 -0.00423264 0)
(0 -0.00429003 0)
(0 -0.00433915 0)
(0 -0.00437789 0)
(0 -0.00440383 0)
(0 -0.00441465 0)
(0 -0.00440865 0)
(0 -0.00438564 0)
(0 -0.00434846 0)
(0 -0.0043069 0)
(0 -0.00426695 0)
(0 -0.00423108 0)
(0 -0.00420548 0)
(0 -0.00418705 0)
(0 -0.00417225 0)
(0 -0.00416085 0)
(0 -0.00415257 0)
(0 -0.00414714 0)
(0 -0.0041443 0)
(0 -0.00414381 0)
(0 -0.00414544 0)
(0 -0.00414899 0)
(0 -0.00415425 0)
(0 -0.00416102 0)
(0 -0.00416907 0)
(0 -0.00417816 0)
(0 -0.00418805 0)
(0 -0.0041985 0)
(0 -0.00420926 0)
(0 -0.00422015 0)
(0 -0.00423091 0)
(0 -0.00424149 0)
(0 -0.00351536 0)
(0 -0.00365436 0)
(0 -0.00375662 0)
(0 -0.00384564 0)
(0 -0.00392939 0)
(0 -0.0040096 0)
(0 -0.00408649 0)
(0 -0.00415969 0)
(0 -0.00422857 0)
(0 -0.00429218 0)
(0 -0.00434921 0)
(0 -0.00439794 0)
(0 -0.00443619 0)
(0 -0.00446145 0)
(0 -0.00447139 0)
(0 -0.00446475 0)
(0 -0.00444224 0)
(0 -0.00440728 0)
(0 -0.00437212 0)
(0 -0.00434082 0)
(0 -0.00431906 0)
(0 -0.00430397 0)
(0 -0.00429246 0)
(0 -0.00428435 0)
(0 -0.0042794 0)
(0 -0.00427742 0)
(0 -0.00427819 0)
(0 -0.00428156 0)
(0 -0.00428731 0)
(0 -0.00429526 0)
(0 -0.00430522 0)
(0 -0.00431705 0)
(0 -0.00433068 0)
(0 -0.00434569 0)
(0 -0.0043616 0)
(0 -0.00437793 0)
(0 -0.00439421 0)
(0 -0.00441005 0)
(0 -0.00442523 0)
(0 -0.00443971 0)
(0 -0.00348315 0)
(0 -0.00362513 0)
(0 -0.00372975 0)
(0 -0.00382098 0)
(0 -0.00390701 0)
(0 -0.00398968 0)
(0 -0.00406931 0)
(0 -0.00414571 0)
(0 -0.00421849 0)
(0 -0.004287 0)
(0 -0.00435039 0)
(0 -0.00440742 0)
(0 -0.00445644 0)
(0 -0.00449533 0)
(0 -0.0045216 0)
(0 -0.00453308 0)
(0 -0.00452923 0)
(0 -0.00451193 0)
(0 -0.004486 0)
(0 -0.00446148 0)
(0 -0.00444551 0)
(0 -0.00443556 0)
(0 -0.00442923 0)
(0 -0.00442623 0)
(0 -0.00442635 0)
(0 -0.00442955 0)
(0 -0.00443565 0)
(0 -0.00444442 0)
(0 -0.00445577 0)
(0 -0.00446932 0)
(0 -0.00448441 0)
(0 -0.0045002 0)
(0 -0.00451592 0)
(0 -0.00453135 0)
(0 -0.0045463 0)
(0 -0.00456062 0)
(0 -0.00457421 0)
(0 -0.00458697 0)
(0 -0.00459889 0)
(0 -0.00461022 0)
(0 -0.00344834 0)
(0 -0.00359314 0)
(0 -0.00369994 0)
(0 -0.00379321 0)
(0 -0.00388129 0)
(0 -0.00396609 0)
(0 -0.00404798 0)
(0 -0.0041269 0)
(0 -0.0042026 0)
(0 -0.00427473 0)
(0 -0.00434275 0)
(0 -0.0044059 0)
(0 -0.00446311 0)
(0 -0.00451292 0)
(0 -0.00455343 0)
(0 -0.00458237 0)
(0 -0.00459795 0)
(0 -0.00460061 0)
(0 -0.00459367 0)
(0 -0.00458191 0)
(0 -0.0045736 0)
(0 -0.00456952 0)
(0 -0.00456849 0)
(0 -0.00457033 0)
(0 -0.0045752 0)
(0 -0.0045829 0)
(0 -0.00459242 0)
(0 -0.00460276 0)
(0 -0.004613 0)
(0 -0.004623 0)
(0 -0.00463272 0)
(0 -0.00464201 0)
(0 -0.00465068 0)
(0 -0.0046586 0)
(0 -0.00466572 0)
(0 -0.00467205 0)
(0 -0.0046776 0)
(0 -0.00468245 0)
(0 -0.00468664 0)
(0 -0.00469032 0)
(0 -0.00341061 0)
(0 -0.00355808 0)
(0 -0.00366695 0)
(0 -0.00376214 0)
(0 -0.00385213 0)
(0 -0.00393884 0)
(0 -0.00402265 0)
(0 -0.00410354 0)
(0 -0.0041814 0)
(0 -0.00425602 0)
(0 -0.00432712 0)
(0 -0.00439425 0)
(0 -0.00445678 0)
(0 -0.00451382 0)
(0 -0.00456413 0)
(0 -0.00460611 0)
(0 -0.00463774 0)
(0 -0.00465736 0)
(0 -0.00466611 0)
(0 -0.00466849 0)
(0 -0.00466898 0)
(0 -0.00466966 0)
(0 -0.00467112 0)
(0 -0.00467358 0)
(0 -0.00467705 0)
(0 -0.00468094 0)
(0 -0.00468487 0)
(0 -0.00468862 0)
(0 -0.00469202 0)
(0 -0.004695 0)
(0 -0.00469757 0)
(0 -0.00469976 0)
(0 -0.00470161 0)
(0 -0.00470316 0)
(0 -0.00470444 0)
(0 -0.00470549 0)
(0 -0.00470635 0)
(0 -0.00470705 0)
(0 -0.00470762 0)
(0 -0.00470808 0)
(0 -0.00336962 0)
(0 -0.00351967 0)
(0 -0.00363057 0)
(0 -0.00372763 0)
(0 -0.00381948 0)
(0 -0.00390801 0)
(0 -0.00399356 0)
(0 -0.00407611 0)
(0 -0.00415557 0)
(0 -0.00423188 0)
(0 -0.00430489 0)
(0 -0.00437437 0)
(0 -0.00443993 0)
(0 -0.00450096 0)
(0 -0.00455664 0)
(0 -0.00460579 0)
(0 -0.00464677 0)
(0 -0.00467713 0)
(0 -0.00469444 0)
(0 -0.00470118 0)
(0 -0.00470335 0)
(0 -0.00470431 0)
(0 -0.00470503 0)
(0 -0.00470569 0)
(0 -0.00470634 0)
(0 -0.00470694 0)
(0 -0.00470747 0)
(0 -0.00470792 0)
(0 -0.0047083 0)
(0 -0.00470862 0)
(0 -0.00470887 0)
(0 -0.00470909 0)
(0 -0.00470926 0)
(0 -0.0047094 0)
(0 -0.00470951 0)
(0 -0.0047096 0)
(0 -0.00470968 0)
(0 -0.00470974 0)
(0 -0.00470979 0)
(0 -0.00470983 0)
(0 -0.00332515 0)
(0 -0.00347772 0)
(0 -0.00359064 0)
(0 -0.0036896 0)
(0 -0.00378337 0)
(0 -0.00387377 0)
(0 -0.00396106 0)
(0 -0.00404515 0)
(0 -0.00412598 0)
(0 -0.00420352 0)
(0 -0.00427776 0)
(0 -0.00434859 0)
(0 -0.00441581 0)
(0 -0.004479 0)
(0 -0.00453749 0)
(0 -0.0045903 0)
(0 -0.004636 0)
(0 -0.00467227 0)
(0 -0.00469549 0)
(0 -0.00470499 0)
(0 -0.00470761 0)
(0 -0.00470853 0)
(0 -0.00470899 0)
(0 -0.00470925 0)
(0 -0.00470942 0)
(0 -0.00470955 0)
(0 -0.00470964 0)
(0 -0.00470971 0)
(0 -0.00470976 0)
(0 -0.00470981 0)
(0 -0.00470984 0)
(0 -0.00470987 0)
(0 -0.00470989 0)
(0 -0.00470991 0)
(0 -0.00470993 0)
(0 -0.00470994 0)
(0 -0.00470995 0)
(0 -0.00470996 0)
(0 -0.00470997 0)
(0 -0.00470997 0)
(0 -0.00327697 0)
(0 -0.00343205 0)
(0 -0.00354706 0)
(0 -0.00364803 0)
(0 -0.00374386 0)
(0 -0.00383632 0)
(0 -0.00392551 0)
(0 -0.00401126 0)
(0 -0.00409344 0)
(0 -0.00417207 0)
(0 -0.0042472 0)
(0 -0.00431888 0)
(0 -0.00438707 0)
(0 -0.00445157 0)
(0 -0.00451188 0)
(0 -0.00456721 0)
(0 -0.0046163 0)
(0 -0.00465717 0)
(0 -0.00468646 0)
(0 -0.00470151 0)
(0 -0.00470634 0)
(0 -0.00470806 0)
(0 -0.00470889 0)
(0 -0.00470934 0)
(0 -0.00470959 0)
(0 -0.00470974 0)
(0 -0.00470983 0)
(0 -0.00470988 0)
(0 -0.00470992 0)
(0 -0.00470994 0)
(0 -0.00470995 0)
(0 -0.00470997 0)
(0 -0.00470997 0)
(0 -0.00470998 0)
(0 -0.00470998 0)
(0 -0.00470999 0)
(0 -0.00470999 0)
(0 -0.00470999 0)
(0 -0.00470999 0)
(0 -0.00470999 0)
(0 -0.00322481 0)
(0 -0.00338243 0)
(0 -0.00349964 0)
(0 -0.00360276 0)
(0 -0.0037009 0)
(0 -0.00379573 0)
(0 -0.00388716 0)
(0 -0.00397486 0)
(0 -0.00405862 0)
(0 -0.00413839 0)
(0 -0.00421431 0)
(0 -0.00428653 0)
(0 -0.00435522 0)
(0 -0.0044204 0)
(0 -0.00448185 0)
(0 -0.00453903 0)
(0 -0.00459094 0)
(0 -0.00463595 0)
(0 -0.0046713 0)
(0 -0.00469367 0)
(0 -0.00470263 0)
(0 -0.00470609 0)
(0 -0.00470779 0)
(0 -0.0047087 0)
(0 -0.00470923 0)
(0 -0.00470953 0)
(0 -0.00470971 0)
(0 -0.00470982 0)
(0 -0.00470989 0)
(0 -0.00470993 0)
(0 -0.00470995 0)
(0 -0.00470997 0)
(0 -0.00470998 0)
(0 -0.00470999 0)
(0 -0.00470999 0)
(0 -0.00470999 0)
(0 -0.00470999 0)
(0 -0.00471 0)
(0 -0.00471 0)
(0 -0.00471 0)
(0 -0.00316828 0)
(0 -0.00332847 0)
(0 -0.00344801 0)
(0 -0.00355349 0)
(0 -0.00365425 0)
(0 -0.00375188 0)
(0 -0.00384605 0)
(0 -0.0039362 0)
(0 -0.00402196 0)
(0 -0.00410319 0)
(0 -0.00418 0)
(0 -0.00425263 0)
(0 -0.00432141 0)
(0 -0.00438662 0)
(0 -0.00444837 0)
(0 -0.00450646 0)
(0 -0.00456026 0)
(0 -0.00460853 0)
(0 -0.00464918 0)
(0 -0.0046794 0)
(0 -0.00469482 0)
(0 -0.00470168 0)
(0 -0.0047052 0)
(0 -0.00470714 0)
(0 -0.00470827 0)
(0 -0.00470894 0)
(0 -0.00470934 0)
(0 -0.00470959 0)
(0 -0.00470974 0)
(0 -0.00470984 0)
(0 -0.00470989 0)
(0 -0.00470993 0)
(0 -0.00470995 0)
(0 -0.00470997 0)
(0 -0.00470998 0)
(0 -0.00470999 0)
(0 -0.00470999 0)
(0 -0.00470999 0)
(0 -0.00471 0)
(0 -0.00471 0)
(0 -0.00310699 0)
(0 -0.00326971 0)
(0 -0.00339167 0)
(0 -0.00349967 0)
(0 -0.00360341 0)
(0 -0.00370435 0)
(0 -0.00380192 0)
(0 -0.00389525 0)
(0 -0.0039837 0)
(0 -0.00406699 0)
(0 -0.00414512 0)
(0 -0.00421833 0)
(0 -0.00428704 0)
(0 -0.00435173 0)
(0 -0.00441283 0)
(0 -0.00447059 0)
(0 -0.00452487 0)
(0 -0.00457497 0)
(0 -0.00461945 0)
(0 -0.00465636 0)
(0 -0.00467953 0)
(0 -0.00469213 0)
(0 -0.00469936 0)
(0 -0.00470351 0)
(0 -0.00470597 0)
(0 -0.00470748 0)
(0 -0.00470841 0)
(0 -0.004709 0)
(0 -0.00470936 0)
(0 -0.00470959 0)
(0 -0.00470973 0)
(0 -0.00470982 0)
(0 -0.00470987 0)
(0 -0.00470991 0)
(0 -0.00470994 0)
(0 -0.00470996 0)
(0 -0.00470997 0)
(0 -0.00470998 0)
(0 -0.00470999 0)
(0 -0.00470999 0)
(0 -0.00304092 0)
(0 -0.00320576 0)
(0 -0.00332996 0)
(0 -0.00344047 0)
(0 -0.00354742 0)
(0 -0.0036522 0)
(0 -0.00375393 0)
(0 -0.00385136 0)
(0 -0.00394352 0)
(0 -0.00402986 0)
(0 -0.00411021 0)
(0 -0.00418469 0)
(0 -0.00425371 0)
(0 -0.00431785 0)
(0 -0.00437776 0)
(0 -0.00443407 0)
(0 -0.00448719 0)
(0 -0.00453715 0)
(0 -0.00458333 0)
(0 -0.00462437 0)
(0 -0.0046538 0)
(0 -0.00467302 0)
(0 -0.00468638 0)
(0 -0.00469499 0)
(0 -0.00470039 0)
(0 -0.00470381 0)
(0 -0.004706 0)
(0 -0.00470741 0)
(0 -0.00470831 0)
(0 -0.00470889 0)
(0 -0.00470925 0)
(0 -0.00470948 0)
(0 -0.00470963 0)
(0 -0.00470972 0)
(0 -0.00470979 0)
(0 -0.00470984 0)
(0 -0.00470989 0)
(0 -0.00470992 0)
(0 -0.00470994 0)
(0 -0.00470996 0)
(0 -0.00296618 0)
(0 -0.00313241 0)
(0 -0.0032584 0)
(0 -0.00337118 0)
(0 -0.00348145 0)
(0 -0.00359062 0)
(0 -0.0036975 0)
(0 -0.00380037 0)
(0 -0.00389782 0)
(0 -0.00398893 0)
(0 -0.00407323 0)
(0 -0.00415064 0)
(0 -0.00422139 0)
(0 -0.00428605 0)
(0 -0.00434537 0)
(0 -0.00440027 0)
(0 -0.00445161 0)
(0 -0.00450007 0)
(0 -0.00454587 0)
(0 -0.00458828 0)
(0 -0.00462076 0)
(0 -0.00464418 0)
(0 -0.00466301 0)
(0 -0.00467742 0)
(0 -0.00468784 0)
(0 -0.00469504 0)
(0 -0.0046999 0)
(0 -0.00470317 0)
(0 -0.00470536 0)
(0 -0.00470682 0)
(0 -0.0047078 0)
(0 -0.00470842 0)
(0 -0.00470881 0)
(0 -0.00470904 0)
(0 -0.00470916 0)
(0 -0.00470922 0)
(0 -0.00470927 0)
(0 -0.00470939 0)
(0 -0.00470958 0)
(0 -0.00470969 0)
(0 -0.00287141 0)
(0 -0.00304178 0)
(0 -0.0031729 0)
(0 -0.00329118 0)
(0 -0.00340805 0)
(0 -0.00352498 0)
(0 -0.0036404 0)
(0 -0.00375202 0)
(0 -0.0038579 0)
(0 -0.00395664 0)
(0 -0.00404744 0)
(0 -0.00412995 0)
(0 -0.00420423 0)
(0 -0.00427075 0)
(0 -0.00433031 0)
(0 -0.00438399 0)
(0 -0.00443303 0)
(0 -0.00447873 0)
(0 -0.00452225 0)
(0 -0.00456381 0)
(0 -0.00459687 0)
(0 -0.00462173 0)
(0 -0.00464288 0)
(0 -0.00466033 0)
(0 -0.00467418 0)
(0 -0.00468466 0)
(0 -0.00469226 0)
(0 -0.00469762 0)
(0 -0.00470135 0)
(0 -0.00470391 0)
(0 -0.00470564 0)
(0 -0.00470676 0)
(0 -0.00470742 0)
(0 -0.00470771 0)
(0 -0.00470771 0)
(0 -0.00470749 0)
(0 -0.0047071 0)
(0 -0.00470656 0)
(0 -0.0047058 0)
(0 -0.0047046 0)
(0 -0.00279908 0)
(0 -0.00297673 0)
(0 -0.00311562 0)
(0 -0.00324249 0)
(0 -0.00336934 0)
(0 -0.00349726 0)
(0 -0.00362395 0)
(0 -0.00374626 0)
(0 -0.00386166 0)
(0 -0.00396844 0)
(0 -0.00406558 0)
(0 -0.00415261 0)
(0 -0.00422955 0)
(0 -0.00429694 0)
(0 -0.0043557 0)
(0 -0.00440707 0)
(0 -0.00445248 0)
(0 -0.0044934 0)
(0 -0.00453118 0)
(0 -0.00456669 0)
(0 -0.00459518 0)
(0 -0.00461697 0)
(0 -0.004636 0)
(0 -0.00465229 0)
(0 -0.00466588 0)
(0 -0.00467684 0)
(0 -0.00468539 0)
(0 -0.00469183 0)
(0 -0.00469655 0)
(0 -0.00469997 0)
(0 -0.00470239 0)
(0 -0.00470405 0)
(0 -0.0047051 0)
(0 -0.0047056 0)
(0 -0.00470563 0)
(0 -0.00470523 0)
(0 -0.0047045 0)
(0 -0.00470353 0)
(0 -0.0047024 0)
(0 -0.00470109 0)
(0 -0.00272941 0)
(0 -0.00291324 0)
(0 -0.00305895 0)
(0 -0.00319405 0)
(0 -0.00333099 0)
(0 -0.00347035 0)
(0 -0.00360891 0)
(0 -0.00374273 0)
(0 -0.00386856 0)
(0 -0.00398425 0)
(0 -0.00408849 0)
(0 -0.00418067 0)
(0 -0.00426079 0)
(0 -0.00432943 0)
(0 -0.00438765 0)
(0 -0.00443691 0)
(0 -0.00447885 0)
(0 -0.00451519 0)
(0 -0.00454751 0)
(0 -0.00457711 0)
(0 -0.00460073 0)
(0 -0.0046189 0)
(0 -0.00463503 0)
(0 -0.00464916 0)
(0 -0.00466132 0)
(0 -0.00467153 0)
(0 -0.00467988 0)
(0 -0.00468651 0)
(0 -0.00469164 0)
(0 -0.00469551 0)
(0 -0.00469838 0)
(0 -0.00470046 0)
(0 -0.00470185 0)
(0 -0.00470264 0)
(0 -0.0047029 0)
(0 -0.00470272 0)
(0 -0.00470221 0)
(0 -0.00470152 0)
(0 -0.00470076 0)
(0 -0.00469982 0)
(0 -0.00265585 0)
(0 -0.00284508 0)
(0 -0.00299738 0)
(0 -0.0031407 0)
(0 -0.00328815 0)
(0 -0.00343977 0)
(0 -0.00359137 0)
(0 -0.0037379 0)
(0 -0.00387526 0)
(0 -0.00400075 0)
(0 -0.00411279 0)
(0 -0.00421063 0)
(0 -0.00429427 0)
(0 -0.00436438 0)
(0 -0.00442227 0)
(0 -0.00446965 0)
(0 -0.00450848 0)
(0 -0.00454072 0)
(0 -0.00456817 0)
(0 -0.00459242 0)
(0 -0.00461142 0)
(0 -0.00462601 0)
(0 -0.00463902 0)
(0 -0.00465059 0)
(0 -0.00466073 0)
(0 -0.00466948 0)
(0 -0.00467685 0)
(0 -0.00468291 0)
(0 -0.00468778 0)
(0 -0.0046916 0)
(0 -0.00469454 0)
(0 -0.00469673 0)
(0 -0.00469827 0)
(0 -0.00469923 0)
(0 -0.00469971 0)
(0 -0.00469979 0)
(0 -0.00469959 0)
(0 -0.00469922 0)
(0 -0.00469875 0)
(0 -0.00469813 0)
(0 -0.0025787 0)
(0 -0.00277236 0)
(0 -0.00293085 0)
(0 -0.0030824 0)
(0 -0.00324084 0)
(0 -0.00340562 0)
(0 -0.00357141 0)
(0 -0.00373183 0)
(0 -0.0038817 0)
(0 -0.00401769 0)
(0 -0.00413792 0)
(0 -0.00424154 0)
(0 -0.00432859 0)
(0 -0.00439993 0)
(0 -0.00445718 0)
(0 -0.00450248 0)
(0 -0.00453819 0)
(0 -0.0045666 0)
(0 -0.00458972 0)
(0 -0.00460934 0)
(0 -0.00462432 0)
(0 -0.00463569 0)
(0 -0.00464583 0)
(0 -0.00465489 0)
(0 -0.00466293 0)
(0 -0.00466998 0)
(0 -0.00467604 0)
(0 -0.00468115 0)
(0 -0.00468536 0)
(0 -0.00468877 0)
(0 -0.00469148 0)
(0 -0.00469356 0)
(0 -0.00469509 0)
(0 -0.00469613 0)
(0 -0.00469677 0)
(0 -0.00469708 0)
(0 -0.00469716 0)
(0 -0.00469707 0)
(0 -0.00469687 0)
(0 -0.00469652 0)
(0 -0.00249676 0)
(0 -0.00269379 0)
(0 -0.00285822 0)
(0 -0.00301811 0)
(0 -0.00318816 0)
(0 -0.00336716 0)
(0 -0.00354848 0)
(0 -0.00372417 0)
(0 -0.0038877 0)
(0 -0.00403492 0)
(0 -0.00416364 0)
(0 -0.00427296 0)
(0 -0.00436302 0)
(0 -0.00443501 0)
(0 -0.00449101 0)
(0 -0.00453376 0)
(0 -0.00456615 0)
(0 -0.00459085 0)
(0 -0.00461006 0)
(0 -0.00462571 0)
(0 -0.0046373 0)
(0 -0.00464597 0)
(0 -0.00465364 0)
(0 -0.0046605 0)
(0 -0.00466663 0)
(0 -0.00467205 0)
(0 -0.00467679 0)
(0 -0.00468085 0)
(0 -0.00468429 0)
(0 -0.00468713 0)
(0 -0.00468945 0)
(0 -0.00469129 0)
(0 -0.0046927 0)
(0 -0.00469375 0)
(0 -0.00469447 0)
(0 -0.00469494 0)
(0 -0.00469522 0)
(0 -0.00469536 0)
(0 -0.0046954 0)
(0 -0.00469536 0)
(0 -0.00240986 0)
(0 -0.00260864 0)
(0 -0.00277868 0)
(0 -0.00294701 0)
(0 -0.00312926 0)
(0 -0.00332356 0)
(0 -0.00352191 0)
(0 -0.00371453 0)
(0 -0.0038931 0)
(0 -0.00405244 0)
(0 -0.00418996 0)
(0 -0.00430476 0)
(0 -0.00439721 0)
(0 -0.00446898 0)
(0 -0.00452288 0)
(0 -0.00456243 0)
(0 -0.0045912 0)
(0 -0.00461225 0)
(0 -0.00462795 0)
(0 -0.00464027 0)
(0 -0.00464912 0)
(0 -0.00465561 0)
(0 -0.00466129 0)
(0 -0.00466636 0)
(0 -0.00467089 0)
(0 -0.00467493 0)
(0 -0.0046785 0)
(0 -0.00468161 0)
(0 -0.00468429 0)
(0 -0.00468656 0)
(0 -0.00468846 0)
(0 -0.00469002 0)
(0 -0.00469127 0)
(0 -0.00469225 0)
(0 -0.00469299 0)
(0 -0.00469355 0)
(0 -0.00469396 0)
(0 -0.00469426 0)
(0 -0.00469449 0)
(0 -0.00469471 0)
(0 -0.00231892 0)
(0 -0.00251647 0)
(0 -0.00269122 0)
(0 -0.00286776 0)
(0 -0.00306251 0)
(0 -0.00327303 0)
(0 -0.00349002 0)
(0 -0.00370157 0)
(0 -0.00389708 0)
(0 -0.00406981 0)
(0 -0.00421666 0)
(0 -0.00433676 0)
(0 -0.00443088 0)
(0 -0.00450144 0)
(0 -0.0045523 0)
(0 -0.00458804 0)
(0 -0.00461297 0)
(0 -0.00463051 0)
(0 -0.00464314 0)
(0 -0.00465271 0)
(0 -0.00465937 0)
(0 -0.00466416 0)
(0 -0.00466831 0)
(0 -0.00467197 0)
(0 -0.00467525 0)
(0 -0.0046782 0)
(0 -0.00468082 0)
(0 -0.00468315 0)
(0 -0.00468519 0)
(0 -0.00468695 0)
(0 -0.00468847 0)
(0 -0.00468975 0)
(0 -0.00469083 0)
(0 -0.00469171 0)
(0 -0.00469244 0)
(0 -0.00469303 0)
(0 -0.00469351 0)
(0 -0.00469392 0)
(0 -0.00469429 0)
(0 -0.00469473 0)
(0 -0.00222723 0)
(0 -0.00241795 0)
(0 -0.00259494 0)
(0 -0.00277854 0)
(0 -0.00298533 0)
(0 -0.00321247 0)
(0 -0.00344962 0)
(0 -0.00368258 0)
(0 -0.00389767 0)
(0 -0.0040858 0)
(0 -0.00424301 0)
(0 -0.00436849 0)
(0 -0.00446362 0)
(0 -0.00453199 0)
(0 -0.00457898 0)
(0 -0.0046105 0)
(0 -0.00463159 0)
(0 -0.00464591 0)
(0 -0.0046559 0)
(0 -0.00466324 0)
(0 -0.00466819 0)
(0 -0.00467169 0)
(0 -0.00467467 0)
(0 -0.00467729 0)
(0 -0.00467962 0)
(0 -0.00468173 0)
(0 -0.00468363 0)
(0 -0.00468534 0)
(0 -0.00468687 0)
(0 -0.00468823 0)
(0 -0.00468942 0)
(0 -0.00469047 0)
(0 -0.00469138 0)
(0 -0.00469217 0)
(0 -0.00469285 0)
(0 -0.00469345 0)
(0 -0.00469397 0)
(0 -0.00469445 0)
(0 -0.00469493 0)
(0 -0.00469555 0)
(0 -0.00214003 0)
(0 -0.00231539 0)
(0 -0.00248936 0)
(0 -0.00267703 0)
(0 -0.0028939 0)
(0 -0.00313698 0)
(0 -0.00339541 0)
(0 -0.00365275 0)
(0 -0.00389123 0)
(0 -0.00409802 0)
(0 -0.00426752 0)
(0 -0.00439899 0)
(0 -0.00449473 0)
(0 -0.00456013 0)
(0 -0.00460271 0)
(0 -0.00462991 0)
(0 -0.00464742 0)
(0 -0.00465891 0)
(0 -0.00466671 0)
(0 -0.00467227 0)
(0 -0.00467591 0)
(0 -0.00467843 0)
(0 -0.00468055 0)
(0 -0.0046824 0)
(0 -0.00468405 0)
(0 -0.00468554 0)
(0 -0.0046869 0)
(0 -0.00468815 0)
(0 -0.00468929 0)
(0 -0.00469033 0)
(0 -0.00469127 0)
(0 -0.00469213 0)
(0 -0.0046929 0)
(0 -0.0046936 0)
(0 -0.00469424 0)
(0 -0.00469482 0)
(0 -0.00469537 0)
(0 -0.0046959 0)
(0 -0.00469646 0)
(0 -0.00469722 0)
(0 -0.00206171 0)
(0 -0.00221231 0)
(0 -0.00237451 0)
(0 -0.00256019 0)
(0 -0.00278261 0)
(0 -0.00303902 0)
(0 -0.0033189 0)
(0 -0.00360405 0)
(0 -0.0038715 0)
(0 -0.00410228 0)
(0 -0.00428762 0)
(0 -0.00442671 0)
(0 -0.0045232 0)
(0 -0.00458523 0)
(0 -0.00462324 0)
(0 -0.00464638 0)
(0 -0.00466074 0)
(0 -0.0046699 0)
(0 -0.00467596 0)
(0 -0.00468015 0)
(0 -0.00468282 0)
(0 -0.00468463 0)
(0 -0.00468612 0)
(0 -0.00468741 0)
(0 -0.00468856 0)
(0 -0.00468962 0)
(0 -0.00469059 0)
(0 -0.0046915 0)
(0 -0.00469236 0)
(0 -0.00469316 0)
(0 -0.00469391 0)
(0 -0.00469461 0)
(0 -0.00469527 0)
(0 -0.00469589 0)
(0 -0.00469648 0)
(0 -0.00469705 0)
(0 -0.00469759 0)
(0 -0.00469815 0)
(0 -0.00469875 0)
(0 -0.00469961 0)
(0 -0.00199339 0)
(0 -0.00211265 0)
(0 -0.00225211 0)
(0 -0.00242543 0)
(0 -0.00264441 0)
(0 -0.00290781 0)
(0 -0.00320692 0)
(0 -0.00352322 0)
(0 -0.00382778 0)
(0 -0.0040916 0)
(0 -0.00429919 0)
(0 -0.00444939 0)
(0 -0.00454785 0)
(0 -0.00460678 0)
(0 -0.00464057 0)
(0 -0.00466015 0)
(0 -0.00467191 0)
(0 -0.00467923 0)
(0 -0.00468395 0)
(0 -0.00468712 0)
(0 -0.00468907 0)
(0 -0.00469036 0)
(0 -0.00469141 0)
(0 -0.00469231 0)
(0 -0.00469311 0)
(0 -0.00469386 0)
(0 -0.00469456 0)
(0 -0.00469523 0)
(0 -0.00469587 0)
(0 -0.00469649 0)
(0 -0.00469709 0)
(0 -0.00469767 0)
(0 -0.00469824 0)
(0 -0.00469878 0)
(0 -0.00469932 0)
(0 -0.00469985 0)
(0 -0.00470037 0)
(0 -0.00470092 0)
(0 -0.00470153 0)
(0 -0.0047024 0)
(0 -0.00193473 0)
(0 -0.00202176 0)
(0 -0.00213041 0)
(0 -0.00227886 0)
(0 -0.00248059 0)
(0 -0.00273892 0)
(0 -0.00304972 0)
(0 -0.0033972 0)
(0 -0.00374769 0)
(0 -0.00405747 0)
(0 -0.00429696 0)
(0 -0.00446417 0)
(0 -0.0045674 0)
(0 -0.00462445 0)
(0 -0.00465483 0)
(0 -0.00467155 0)
(0 -0.00468124 0)
(0 -0.00468712 0)
(0 -0.00469081 0)
(0 -0.00469321 0)
(0 -0.00469464 0)
(0 -0.00469556 0)
(0 -0.0046963 0)
(0 -0.00469694 0)
(0 -0.0046975 0)
(0 -0.00469803 0)
(0 -0.00469854 0)
(0 -0.00469903 0)
(0 -0.00469952 0)
(0 -0.0047 0)
(0 -0.00470047 0)
(0 -0.00470095 0)
(0 -0.00470141 0)
(0 -0.00470188 0)
(0 -0.00470235 0)
(0 -0.00470281 0)
(0 -0.00470328 0)
(0 -0.00470378 0)
(0 -0.00470434 0)
(0 -0.00470513 0)
(0 -0.00188178 0)
(0 -0.00193811 0)
(0 -0.00201358 0)
(0 -0.00212765 0)
(0 -0.00229788 0)
(0 -0.00253773 0)
(0 -0.00285156 0)
(0 -0.00322679 0)
(0 -0.00362773 0)
(0 -0.00399517 0)
(0 -0.00427604 0)
(0 -0.00446717 0)
(0 -0.00458002 0)
(0 -0.00463784 0)
(0 -0.00466619 0)
(0 -0.00468081 0)
(0 -0.0046889 0)
(0 -0.00469365 0)
(0 -0.00469654 0)
(0 -0.00469836 0)
(0 -0.00469941 0)
(0 -0.00470007 0)
(0 -0.00470059 0)
(0 -0.00470104 0)
(0 -0.00470143 0)
(0 -0.00470181 0)
(0 -0.00470217 0)
(0 -0.00470253 0)
(0 -0.00470289 0)
(0 -0.00470326 0)
(0 -0.00470362 0)
(0 -0.00470399 0)
(0 -0.00470436 0)
(0 -0.00470473 0)
(0 -0.00470511 0)
(0 -0.00470549 0)
(0 -0.00470587 0)
(0 -0.00470628 0)
(0 -0.00470673 0)
(0 -0.00470736 0)
(0 -0.00181336 0)
(0 -0.00183924 0)
(0 -0.00187747 0)
(0 -0.00194317 0)
(0 -0.00205744 0)
(0 -0.00225435 0)
(0 -0.00256571 0)
(0 -0.00298115 0)
(0 -0.00345482 0)
(0 -0.00390036 0)
(0 -0.00423631 0)
(0 -0.00445915 0)
(0 -0.00458691 0)
(0 -0.00464826 0)
(0 -0.00467561 0)
(0 -0.00468851 0)
(0 -0.00469521 0)
(0 -0.00469896 0)
(0 -0.00470116 0)
(0 -0.00470251 0)
(0 -0.00470327 0)
(0 -0.00470373 0)
(0 -0.0047041 0)
(0 -0.0047044 0)
(0 -0.00470467 0)
(0 -0.00470493 0)
(0 -0.00470518 0)
(0 -0.00470544 0)
(0 -0.00470569 0)
(0 -0.00470595 0)
(0 -0.00470621 0)
(0 -0.00470648 0)
(0 -0.00470674 0)
(0 -0.00470701 0)
(0 -0.00470728 0)
(0 -0.00470756 0)
(0 -0.00470783 0)
(0 -0.00470812 0)
(0 -0.00470843 0)
(0 -0.00470884 0)
(0 -0.00177801 0)
(0 -0.00178581 0)
(0 -0.00179969 0)
(0 -0.00182647 0)
(0 -0.00187763 0)
(0 -0.00198869 0)
(0 -0.00224143 0)
(0 -0.00269781 0)
(0 -0.00327711 0)
(0 -0.00384561 0)
(0 -0.00423827 0)
(0 -0.00448072 0)
(0 -0.00460774 0)
(0 -0.00466221 0)
(0 -0.00468445 0)
(0 -0.0046945 0)
(0 -0.00469963 0)
(0 -0.00470248 0)
(0 -0.00470415 0)
(0 -0.00470515 0)
(0 -0.00470571 0)
(0 -0.00470606 0)
(0 -0.00470632 0)
(0 -0.00470654 0)
(0 -0.00470673 0)
(0 -0.00470691 0)
(0 -0.00470709 0)
(0 -0.00470727 0)
(0 -0.00470745 0)
(0 -0.00470764 0)
(0 -0.00470783 0)
(0 -0.00470801 0)
(0 -0.0047082 0)
(0 -0.00470839 0)
(0 -0.00470859 0)
(0 -0.00470878 0)
(0 -0.00470897 0)
(0 -0.00470916 0)
(0 -0.00470937 0)
(0 -0.00470963 0)
(0 -0.00179126 0)
(0 -0.00183439 0)
(0 -0.00186881 0)
(0 -0.00188574 0)
(0 -0.00188639 0)
(0 -0.00197113 0)
(0 -0.00222781 0)
(0 -0.00269709 0)
(0 -0.00330523 0)
(0 -0.00388919 0)
(0 -0.00429005 0)
(0 -0.00452008 0)
(0 -0.00462924 0)
(0 -0.00467243 0)
(0 -0.00468985 0)
(0 -0.00469788 0)
(0 -0.00470206 0)
(0 -0.0047044 0)
(0 -0.00470577 0)
(0 -0.0047066 0)
(0 -0.00470705 0)
(0 -0.00470733 0)
(0 -0.00470754 0)
(0 -0.00470771 0)
(0 -0.00470786 0)
(0 -0.004708 0)
(0 -0.00470814 0)
(0 -0.00470827 0)
(0 -0.00470841 0)
(0 -0.00470854 0)
(0 -0.00470868 0)
(0 -0.00470882 0)
(0 -0.00470895 0)
(0 -0.00470909 0)
(0 -0.00470922 0)
(0 -0.00470935 0)
(0 -0.00470948 0)
(0 -0.0047096 0)
(0 -0.00470973 0)
(0 -0.00470987 0)
(0 -0.00184353 0)
(0 -0.0019021 0)
(0 -0.00192173 0)
(0 -0.0019549 0)
(0 -0.00194826 0)
(0 -0.00201574 0)
(0 -0.00230727 0)
(0 -0.00281812 0)
(0 -0.00344888 0)
(0 -0.00401734 0)
(0 -0.00438544 0)
(0 -0.00457516 0)
(0 -0.00465296 0)
(0 -0.00468223 0)
(0 -0.00469463 0)
(0 -0.00470073 0)
(0 -0.00470404 0)
(0 -0.00470592 0)
(0 -0.00470703 0)
(0 -0.0047077 0)
(0 -0.00470807 0)
(0 -0.00470828 0)
(0 -0.00470845 0)
(0 -0.00470858 0)
(0 -0.00470869 0)
(0 -0.00470879 0)
(0 -0.00470889 0)
(0 -0.00470898 0)
(0 -0.00470908 0)
(0 -0.00470917 0)
(0 -0.00470926 0)
(0 -0.00470935 0)
(0 -0.00470944 0)
(0 -0.00470952 0)
(0 -0.0047096 0)
(0 -0.00470968 0)
(0 -0.00470975 0)
(0 -0.00470982 0)
(0 -0.00470989 0)
(0 -0.00470995 0)
(0 -0.00178015 0)
(0 -0.00178626 0)
(0 -0.00178063 0)
(0 -0.00184964 0)
(0 -0.00193607 0)
(0 -0.00208853 0)
(0 -0.00248327 0)
(0 -0.00305717 0)
(0 -0.0036799 0)
(0 -0.00421981 0)
(0 -0.00450538 0)
(0 -0.00462737 0)
(0 -0.00467192 0)
(0 -0.00468989 0)
(0 -0.00469846 0)
(0 -0.00470302 0)
(0 -0.00470559 0)
(0 -0.00470709 0)
(0 -0.00470797 0)
(0 -0.0047085 0)
(0 -0.00470878 0)
(0 -0.00470895 0)
(0 -0.00470908 0)
(0 -0.00470917 0)
(0 -0.00470925 0)
(0 -0.00470932 0)
(0 -0.00470939 0)
(0 -0.00470945 0)
(0 -0.00470951 0)
(0 -0.00470956 0)
(0 -0.00470962 0)
(0 -0.00470967 0)
(0 -0.00470972 0)
(0 -0.00470977 0)
(0 -0.00470981 0)
(0 -0.00470985 0)
(0 -0.00470989 0)
(0 -0.00470992 0)
(0 -0.00470995 0)
(0 -0.00470997 0)
(0 -0.0017805 0)
(0 -0.00178491 0)
(0 -0.00180687 0)
(0 -0.00186802 0)
(0 -0.00201997 0)
(0 -0.00234721 0)
(0 -0.00274815 0)
(0 -0.0034258 0)
(0 -0.00410065 0)
(0 -0.00445649 0)
(0 -0.00460657 0)
(0 -0.0046616 0)
(0 -0.00468436 0)
(0 -0.00469545 0)
(0 -0.00470143 0)
(0 -0.00470482 0)
(0 -0.00470679 0)
(0 -0.00470794 0)
(0 -0.00470862 0)
(0 -0.00470902 0)
(0 -0.00470924 0)
(0 -0.00470937 0)
(0 -0.00470946 0)
(0 -0.00470953 0)
(0 -0.00470958 0)
(0 -0.00470963 0)
(0 -0.00470967 0)
(0 -0.00470971 0)
(0 -0.00470975 0)
(0 -0.00470978 0)
(0 -0.00470981 0)
(0 -0.00470984 0)
(0 -0.00470987 0)
(0 -0.00470989 0)
(0 -0.00470991 0)
(0 -0.00470993 0)
(0 -0.00470995 0)
(0 -0.00470996 0)
(0 -0.00470996 0)
(0 -0.00470997 0)
(0 -0.00178648 0)
(0 -0.001808 0)
(0 -0.0018466 0)
(0 -0.00191358 0)
(0 -0.00211944 0)
(0 -0.00255057 0)
(0 -0.00333747 0)
(0 -0.00404079 0)
(0 -0.0044317 0)
(0 -0.00458744 0)
(0 -0.00464834 0)
(0 -0.00467618 0)
(0 -0.00469065 0)
(0 -0.00469869 0)
(0 -0.00470331 0)
(0 -0.00470599 0)
(0 -0.00470756 0)
(0 -0.00470848 0)
(0 -0.00470901 0)
(0 -0.00470932 0)
(0 -0.00470947 0)
(0 -0.00470957 0)
(0 -0.00470963 0)
(0 -0.00470968 0)
(0 -0.00470973 0)
(0 -0.00470976 0)
(0 -0.00470979 0)
(0 -0.00470982 0)
(0 -0.00470985 0)
(0 -0.00470987 0)
(0 -0.00470989 0)
(0 -0.00470991 0)
(0 -0.00470993 0)
(0 -0.00470994 0)
(0 -0.00470995 0)
(0 -0.00470996 0)
(0 -0.00470996 0)
(0 -0.00470996 0)
(0 -0.00470997 0)
(0 -0.00470997 0)
(0 -0.00318869 0)
(0 -0.00397267 0)
(0 -0.00394025 0)
(0 -0.00392434 0)
(0 -0.00394303 0)
(0 -0.00400083 0)
(0 -0.00410106 0)
(0 -0.00425105 0)
(0 -0.00445186 0)
(0 -0.0046201 0)
(0 -0.00469354 0)
(0 -0.00470846 0)
(0 -0.00470986 0)
(0 -0.00470998 0)
(0 -0.00471 0)
(0 -0.00471 0)
(0 -0.00471 0)
(0 -0.00471 0)
(0 -0.00470999 0)
(0 -0.00470995 0)
(0 -0.00315312 0)
(0 -0.00308767 0)
(0 -0.00301887 0)
(0 -0.00293073 0)
(0 -0.00282311 0)
(0 -0.0027207 0)
(0 -0.00261746 0)
(0 -0.00251625 0)
(0 -0.00242142 0)
(0 -0.00234018 0)
(0 -0.0022856 0)
(0 -0.00226544 0)
(0 -0.0022558 0)
(0 -0.00224963 0)
(0 -0.00224649 0)
(0 -0.00224481 0)
(0 -0.00224403 0)
(0 -0.00224373 0)
(0 -0.00224418 0)
(0 -0.00224532 0)
(0 -0.00229485 0)
(0 -0.00253614 0)
(0 -0.00272515 0)
(0 -0.0029389 0)
(0 -0.00316393 0)
(0 -0.00339556 0)
(0 -0.00362859 0)
(0 -0.00385493 0)
(0 -0.00406529 0)
(0 -0.00425094 0)
(0 -0.00440502 0)
(0 -0.00452365 0)
(0 -0.0046071 0)
(0 -0.00465999 0)
(0 -0.00468945 0)
(0 -0.00470385 0)
(0 -0.00470982 0)
(0 -0.00470998 0)
(0 -0.00470999 0)
(0 -0.00470999 0)
(0 -0.0039874 0)
(0 -0.00402079 0)
(0 -0.00405034 0)
(0 -0.00407804 0)
(0 -0.00410833 0)
(0 -0.00413343 0)
(0 -0.004156 0)
(0 -0.00417668 0)
(0 -0.00419536 0)
(0 -0.00421111 0)
(0 -0.0042196 0)
(0 -0.00422516 0)
(0 -0.00422611 0)
(0 -0.00422502 0)
(0 -0.0042255 0)
(0 -0.00423643 0)
(0 -0.00426952 0)
(0 -0.00432729 0)
(0 -0.00441097 0)
(0 -0.00451388 0)
(0 -0.00461758 0)
(0 -0.00463176 0)
(0 -0.00464464 0)
(0 -0.00465894 0)
(0 -0.0046696 0)
(0 -0.00467849 0)
(0 -0.00468599 0)
(0 -0.00469225 0)
(0 -0.00469739 0)
(0 -0.0047015 0)
(0 -0.00470464 0)
(0 -0.0047069 0)
(0 -0.00470838 0)
(0 -0.00470925 0)
(0 -0.00470969 0)
(0 -0.00470987 0)
(0 -0.00470999 0)
(0 -0.00471 0)
(0 -0.00471 0)
(0 -0.00471 0)
(0 -0.00397168 0)
(0 -0.00402077 0)
(0 -0.004067 0)
(0 -0.00410933 0)
(0 -0.00414912 0)
(0 -0.00418629 0)
(0 -0.00422219 0)
(0 -0.004258 0)
(0 -0.00429453 0)
(0 -0.00433214 0)
(0 -0.00437041 0)
(0 -0.00440898 0)
(0 -0.00444748 0)
(0 -0.00448515 0)
(0 -0.00451964 0)
(0 -0.00455036 0)
(0 -0.00457858 0)
(0 -0.00460467 0)
(0 -0.00463074 0)
(0 -0.00465649 0)
(0 -0.00467982 0)
(0 -0.00468908 0)
(0 -0.00469459 0)
(0 -0.00469889 0)
(0 -0.0047019 0)
(0 -0.00470411 0)
(0 -0.00470578 0)
(0 -0.00470706 0)
(0 -0.00470803 0)
(0 -0.00470875 0)
(0 -0.00470927 0)
(0 -0.00470961 0)
(0 -0.00470982 0)
(0 -0.00470993 0)
(0 -0.00470998 0)
(0 -0.00470999 0)
(0 -0.00471 0)
(0 -0.00471 0)
(0 -0.00471 0)
(0 -0.00471 0)
(0 -0.0039557 0)
(0 -0.0039963 0)
(0 -0.00403972 0)
(0 -0.00408371 0)
(0 -0.00412691 0)
(0 -0.00416868 0)
(0 -0.00420967 0)
(0 -0.00425095 0)
(0 -0.00429335 0)
(0 -0.00433725 0)
(0 -0.00438234 0)
(0 -0.00442779 0)
(0 -0.00447244 0)
(0 -0.00451504 0)
(0 -0.00455397 0)
(0 -0.00458813 0)
(0 -0.0046172 0)
(0 -0.00464124 0)
(0 -0.00466081 0)
(0 -0.00467719 0)
(0 -0.00469054 0)
(0 -0.00469806 0)
(0 -0.00470238 0)
(0 -0.0047051 0)
(0 -0.00470679 0)
(0 -0.00470787 0)
(0 -0.00470858 0)
(0 -0.00470907 0)
(0 -0.00470941 0)
(0 -0.00470964 0)
(0 -0.0047098 0)
(0 -0.0047099 0)
(0 -0.00470996 0)
(0 -0.00470999 0)
(0 -0.00471 0)
(0 -0.00471 0)
(0 -0.00471 0)
(0 -0.00471 0)
(0 -0.00471 0)
(0 -0.00471 0)
(0 -0.00396947 0)
(0 -0.00400211 0)
(0 -0.0040376 0)
(0 -0.00407585 0)
(0 -0.00411596 0)
(0 -0.0041572 0)
(0 -0.00419959 0)
(0 -0.00424366 0)
(0 -0.0042899 0)
(0 -0.00433837 0)
(0 -0.00438822 0)
(0 -0.00443788 0)
(0 -0.00448548 0)
(0 -0.00452947 0)
(0 -0.00456863 0)
(0 -0.00460225 0)
(0 -0.0046302 0)
(0 -0.00465276 0)
(0 -0.00467047 0)
(0 -0.00468422 0)
(0 -0.00469452 0)
(0 -0.00470108 0)
(0 -0.00470491 0)
(0 -0.00470709 0)
(0 -0.00470831 0)
(0 -0.004709 0)
(0 -0.0047094 0)
(0 -0.00470963 0)
(0 -0.00470978 0)
(0 -0.00470987 0)
(0 -0.00470993 0)
(0 -0.00470997 0)
(0 -0.00470999 0)
(0 -0.00471 0)
(0 -0.00471 0)
(0 -0.00471 0)
(0 -0.00471 0)
(0 -0.00471 0)
(0 -0.00471 0)
(0 -0.00471 0)
(0 -0.00402463 0)
(0 -0.00405112 0)
(0 -0.00407892 0)
(0 -0.00410949 0)
(0 -0.00414353 0)
(0 -0.00418129 0)
(0 -0.00422291 0)
(0 -0.00426855 0)
(0 -0.00431805 0)
(0 -0.00437068 0)
(0 -0.00442426 0)
(0 -0.00447579 0)
(0 -0.00452255 0)
(0 -0.00456324 0)
(0 -0.00459751 0)
(0 -0.00462559 0)
(0 -0.00464817 0)
(0 -0.00466606 0)
(0 -0.00468002 0)
(0 -0.00469061 0)
(0 -0.00469838 0)
(0 -0.00470346 0)
(0 -0.00470646 0)
(0 -0.00470812 0)
(0 -0.004709 0)
(0 -0.00470946 0)
(0 -0.0047097 0)
(0 -0.00470983 0)
(0 -0.0047099 0)
(0 -0.00470995 0)
(0 -0.00470997 0)
(0 -0.00470999 0)
(0 -0.00471 0)
(0 -0.00471 0)
(0 -0.00471 0)
(0 -0.00471 0)
(0 -0.00471 0)
(0 -0.00471 0)
(0 -0.00471 0)
(0 -0.00471 0)
(0 -0.00413011 0)
(0 -0.00415505 0)
(0 -0.00417741 0)
(0 -0.00420103 0)
(0 -0.00422883 0)
(0 -0.00426268 0)
(0 -0.00430334 0)
(0 -0.00435057 0)
(0 -0.00440306 0)
(0 -0.00445858 0)
(0 -0.00451204 0)
(0 -0.00455825 0)
(0 -0.00459537 0)
(0 -0.00462391 0)
(0 -0.00464566 0)
(0 -0.00466213 0)
(0 -0.00467482 0)
(0 -0.00468483 0)
(0 -0.00469279 0)
(0 -0.00469887 0)
(0 -0.00470332 0)
(0 -0.00470625 0)
(0 -0.004708 0)
(0 -0.00470896 0)
(0 -0.00470946 0)
(0 -0.00470972 0)
(0 -0.00470985 0)
(0 -0.00470992 0)
(0 -0.00470996 0)
(0 -0.00470998 0)
(0 -0.00470999 0)
(0 -0.00470999 0)
(0 -0.00471 0)
(0 -0.00471 0)
(0 -0.00471 0)
(0 -0.00471 0)
(0 -0.00471 0)
(0 -0.00471 0)
(0 -0.00471 0)
(0 -0.00471 0)
(0 -0.00429266 0)
(0 -0.00431915 0)
(0 -0.00433688 0)
(0 -0.00435379 0)
(0 -0.00437562 0)
(0 -0.0044056 0)
(0 -0.00444448 0)
(0 -0.00449058 0)
(0 -0.00454034 0)
(0 -0.00458666 0)
(0 -0.00462397 0)
(0 -0.00465175 0)
(0 -0.00467111 0)
(0 -0.0046835 0)
(0 -0.00469073 0)
(0 -0.00469529 0)
(0 -0.00469862 0)
(0 -0.00470146 0)
(0 -0.00470401 0)
(0 -0.00470611 0)
(0 -0.0047076 0)
(0 -0.0047086 0)
(0 -0.00470921 0)
(0 -0.00470957 0)
(0 -0.00470977 0)
(0 -0.00470988 0)
(0 -0.00470993 0)
(0 -0.00470996 0)
(0 -0.00470998 0)
(0 -0.00470999 0)
(0 -0.00470999 0)
(0 -0.00471 0)
(0 -0.00471 0)
(0 -0.00471 0)
(0 -0.00471 0)
(0 -0.00471 0)
(0 -0.00471 0)
(0 -0.00471 0)
(0 -0.00471 0)
(0 -0.00471 0)
(0 -0.00449616 0)
(0 -0.00451369 0)
(0 -0.00452048 0)
(0 -0.0045278 0)
(0 -0.00454175 0)
(0 -0.0045643 0)
(0 -0.00459404 0)
(0 -0.00462666 0)
(0 -0.0046557 0)
(0 -0.00467661 0)
(0 -0.00469042 0)
(0 -0.00469886 0)
(0 -0.0047037 0)
(0 -0.00470631 0)
(0 -0.00470743 0)
(0 -0.00470776 0)
(0 -0.00470796 0)
(0 -0.00470826 0)
(0 -0.00470868 0)
(0 -0.00470911 0)
(0 -0.00470941 0)
(0 -0.00470962 0)
(0 -0.00470977 0)
(0 -0.00470986 0)
(0 -0.00470992 0)
(0 -0.00470995 0)
(0 -0.00470997 0)
(0 -0.00470998 0)
(0 -0.00470999 0)
(0 -0.00470999 0)
(0 -0.00471 0)
(0 -0.00471 0)
(0 -0.00471 0)
(0 -0.00471 0)
(0 -0.00471 0)
(0 -0.00471 0)
(0 -0.00471 0)
(0 -0.00471 0)
(0 -0.00471 0)
(0 -0.00471 0)
(0 -0.00464706 0)
(0 -0.00465196 0)
(0 -0.00464936 0)
(0 -0.00464943 0)
(0 -0.00465539 0)
(0 -0.00466662 0)
(0 -0.00468032 0)
(0 -0.0046928 0)
(0 -0.00470084 0)
(0 -0.0047053 0)
(0 -0.00470761 0)
(0 -0.00470875 0)
(0 -0.00470931 0)
(0 -0.00470958 0)
(0 -0.0047097 0)
(0 -0.00470972 0)
(0 -0.00470969 0)
(0 -0.00470969 0)
(0 -0.00470973 0)
(0 -0.00470981 0)
(0 -0.00470986 0)
(0 -0.0047099 0)
(0 -0.00470994 0)
(0 -0.00470996 0)
(0 -0.00470997 0)
(0 -0.00470998 0)
(0 -0.00470999 0)
(0 -0.00470999 0)
(0 -0.00471 0)
(0 -0.00471 0)
(0 -0.00471 0)
(0 -0.00471 0)
(0 -0.00471 0)
(0 -0.00471 0)
(0 -0.00471 0)
(0 -0.00471 0)
(0 -0.00471 0)
(0 -0.00471 0)
(0 -0.00471 0)
(0 -0.00471 0)
(0 -0.00469966 0)
(0 -0.00470196 0)
(0 -0.0047001 0)
(0 -0.00469892 0)
(0 -0.00470006 0)
(0 -0.00470277 0)
(0 -0.00470577 0)
(0 -0.00470799 0)
(0 -0.00470906 0)
(0 -0.00470953 0)
(0 -0.00470975 0)
(0 -0.00470986 0)
(0 -0.00470992 0)
(0 -0.00470995 0)
(0 -0.00470996 0)
(0 -0.00470996 0)
(0 -0.00470995 0)
(0 -0.00470995 0)
(0 -0.00470995 0)
(0 -0.00470996 0)
(0 -0.00470997 0)
(0 -0.00470998 0)
(0 -0.00470998 0)
(0 -0.00470999 0)
(0 -0.00470999 0)
(0 -0.00470999 0)
(0 -0.00471 0)
(0 -0.00471 0)
(0 -0.00471 0)
(0 -0.00471 0)
(0 -0.00471 0)
(0 -0.00471 0)
(0 -0.00471 0)
(0 -0.00471 0)
(0 -0.00471 0)
(0 -0.00471 0)
(0 -0.00471 0)
(0 -0.00471 0)
(0 -0.00471 0)
(0 -0.00471 0)
(0 -0.00470903 0)
(0 -0.00470942 0)
(0 -0.00470941 0)
(0 -0.00470934 0)
(0 -0.00470928 0)
(0 -0.00470937 0)
(0 -0.00470963 0)
(0 -0.00470982 0)
(0 -0.00470991 0)
(0 -0.00470995 0)
(0 -0.00470997 0)
(0 -0.00470998 0)
(0 -0.00470999 0)
(0 -0.00470999 0)
(0 -0.00470999 0)
(0 -0.00470999 0)
(0 -0.00470999 0)
(0 -0.00470999 0)
(0 -0.00470999 0)
(0 -0.00470999 0)
(0 -0.00470999 0)
(0 -0.00470999 0)
(0 -0.00471 0)
(0 -0.00471 0)
(0 -0.00471 0)
(0 -0.00471 0)
(0 -0.00471 0)
(0 -0.00471 0)
(0 -0.00471 0)
(0 -0.00471 0)
(0 -0.00471 0)
(0 -0.00471 0)
(0 -0.00471 0)
(0 -0.00471 0)
(0 -0.00471 0)
(0 -0.00471 0)
(0 -0.00471 0)
(0 -0.00471 0)
(0 -0.00471 0)
(0 -0.00471 0)
(0 -0.00470991 0)
(0 -0.00470994 0)
(0 -0.00470995 0)
(0 -0.00470995 0)
(0 -0.00470995 0)
(0 -0.00470996 0)
(0 -0.00470997 0)
(0 -0.00470998 0)
(0 -0.00470999 0)
(0 -0.00471 0)
(0 -0.00471 0)
(0 -0.00471 0)
(0 -0.00471 0)
(0 -0.00471 0)
(0 -0.00471 0)
(0 -0.00471 0)
(0 -0.00471 0)
(0 -0.00471 0)
(0 -0.00471 0)
(0 -0.00471 0)
(0 -0.00471 0)
(0 -0.00471 0)
(0 -0.00471 0)
(0 -0.00471 0)
(0 -0.00471 0)
(0 -0.00471 0)
(0 -0.00471 0)
(0 -0.00471 0)
(0 -0.00471 0)
(0 -0.00471 0)
(0 -0.00471 0)
(0 -0.00471 0)
(0 -0.00471 0)
(0 -0.00471 0)
(0 -0.00471 0)
(0 -0.00471 0)
(0 -0.00471 0)
(0 -0.00471 0)
(0 -0.00471 0)
(0 -0.00471 0)
(0 -0.00470999 0)
(0 -0.00470999 0)
(0 -0.00470999 0)
(0 -0.00470999 0)
(0 -0.00470999 0)
(0 -0.00471 0)
(0 -0.00471 0)
(0 -0.00471 0)
(0 -0.00471 0)
(0 -0.00471 0)
(0 -0.00471 0)
(0 -0.00471 0)
(0 -0.00471 0)
(0 -0.00471 0)
(0 -0.00471 0)
(0 -0.00471 0)
(0 -0.00471 0)
(0 -0.00471 0)
(0 -0.00471 0)
(0 -0.00471 0)
(0 -0.00471 0)
(0 -0.00471 0)
(0 -0.00471 0)
(0 -0.00471 0)
(0 -0.00471 0)
(0 -0.00471 0)
(0 -0.00471 0)
(0 -0.00471 0)
(0 -0.00471 0)
(0 -0.00471 0)
(0 -0.00471 0)
(0 -0.00471 0)
(0 -0.00471 0)
(0 -0.00471 0)
(0 -0.00471 0)
(0 -0.00471 0)
(0 -0.00471 0)
(0 -0.00471 0)
(0 -0.00471 0)
(0 -0.00471 0)
(0 -0.00471 0)
(0 -0.00471 0)
(0 -0.00471 0)
(0 -0.00471 0)
(0 -0.00471 0)
(0 -0.00471 0)
(0 -0.00471 0)
(0 -0.00471 0)
(0 -0.00471 0)
(0 -0.00471 0)
(0 -0.00471 0)
(0 -0.00471 0)
(0 -0.00471 0)
(0 -0.00471 0)
(0 -0.00471 0)
(0 -0.00471 0)
(0 -0.00471 0)
(0 -0.00471 0)
(0 -0.00471 0)
(0 -0.00471 0)
(0 -0.00471 0)
(0 -0.00471 0)
(0 -0.00471 0)
(0 -0.00471 0)
(0 -0.00471 0)
(0 -0.00471 0)
(0 -0.00471 0)
(0 -0.00471 0)
(0 -0.00471 0)
(0 -0.00471 0)
(0 -0.00471 0)
(0 -0.00471 0)
(0 -0.00471 0)
(0 -0.00471 0)
(0 -0.00471 0)
(0 -0.00471 0)
(0 -0.00471 0)
(0 -0.00471 0)
(0 -0.00471 0)
(0 -0.00471 0)
(0 -0.00471 0)
(0 -0.00471 0)
(0 -0.00471 0)
(0 -0.00471 0)
(0 -0.00471 0)
(0 -0.00471 0)
(0 -0.00471 0)
(0 -0.00471 0)
(0 -0.00471 0)
(0 -0.00471 0)
(0 -0.00471 0)
(0 -0.00471 0)
(0 -0.00471 0)
(0 -0.00471 0)
(0 -0.00471 0)
(0 -0.00471 0)
(0 -0.00471 0)
(0 -0.00471 0)
(0 -0.00471 0)
(0 -0.00471 0)
(0 -0.00471 0)
(0 -0.00471 0)
(0 -0.00471 0)
(0 -0.00471 0)
(0 -0.00471 0)
(0 -0.00471 0)
(0 -0.00471 0)
(0 -0.00471 0)
(0 -0.00471 0)
(0 -0.00471 0)
(0 -0.00471 0)
(0 -0.00471 0)
(0 -0.00471 0)
(0 -0.00471 0)
(0 -0.00471 0)
(0 -0.00471 0)
(0 -0.00471 0)
(0 -0.00471 0)
(0 -0.00471 0)
(0 -0.00471 0)
(0 -0.00471 0)
(0 -0.00471 0)
(0 -0.00471 0)
(0 -0.00471 0)
(0 -0.00471 0)
(0 -0.00471 0)
(0 -0.00471 0)
(0 -0.00471 0)
(0 -0.00471 0)
(0 -0.00471 0)
(0 -0.00471 0)
(0 -0.00471 0)
(0 -0.00471 0)
(0 -0.00471 0)
(0 -0.00471 0)
(0 -0.00471 0)
(0 -0.00471 0)
(0 -0.00471 0)
(0 -0.00471 0)
(0 -0.00471 0)
(0 -0.00471 0)
(0 -0.00471 0)
(0 -0.00471 0)
(0 -0.00471 0)
(0 -0.00471 0)
(0 -0.00471 0)
(0 -0.00471 0)
(0 -0.00471 0)
(0 -0.00471 0)
(0 -0.00471 0)
(0 -0.00471 0)
(0 -0.00471 0)
(0 -0.00471 0)
(0 -0.00471 0)
(0 -0.00471 0)
(0 -0.00471 0)
(0 -0.00471 0)
(0 -0.00471 0)
(0 -0.00471 0)
(0 -0.00471 0)
(0 -0.00471 0)
(0 -0.00471 0)
(0 -0.00471 0)
(0 -0.00471 0)
(0 -0.00471 0)
(0 -0.00471 0)
(0 -0.00471 0)
(0 -0.00471 0)
(0 -0.00471 0)
(0 -0.00471 0)
(0 -0.00471 0)
(0 -0.00471 0)
(0 -0.00471 0)
(0 -0.00471 0)
(0 -0.00471 0)
(0 -0.00471 0)
(0 -0.00471 0)
(0 -0.00471 0)
(0 -0.00471 0)
(0 -0.00471 0)
(0 -0.00471 0)
(0 -0.00471 0)
(0 -0.00471 0)
(0 -0.00471 0)
(0 -0.00471 0)
(0 -0.00471 0)
(0 -0.00471 0)
(0 -0.00471 0)
(0 -0.00471 0)
(0 -0.00471 0)
(0 -0.00471 0)
(0 -0.00471 0)
(0 -0.00471 0)
(0 -0.00471 0)
(0 -0.00471 0)
(0 -0.00471 0)
(0 -0.00471 0)
(0 -0.00471 0)
(0 -0.00471 0)
(0 -0.00471 0)
(0 -0.00471 0)
(0 -0.00471 0)
(0 -0.00471 0)
(0 -0.00471 0)
(0 -0.00471 0)
(0 -0.00471 0)
(0 -0.00471 0)
(0 -0.00471 0)
(0 -0.00471 0)
(0 -0.00471 0)
(0 -0.00471 0)
(0 -0.00471 0)
(0 -0.00471 0)
(0 -0.00471 0)
(0 -0.00471 0)
(0 -0.00471 0)
(0 -0.00471 0)
(0 -0.00471 0)
(0 -0.00471 0)
(0 -0.00471 0)
(0 -0.00471 0)
(0 -0.00471 0)
(0 -0.00471 0)
(0 -0.00471 0)
(0 -0.00471 0)
(0 -0.00471 0)
(0 -0.00471 0)
(0 -0.00471 0)
(0 -0.00471 0)
(0 -0.00471 0)
(0 -0.00471 0)
(0 -0.00471 0)
(0 -0.00471 0)
(0 -0.00471 0)
(0 -0.00471 0)
(0 -0.00471 0)
(0 -0.00471 0)
(0 -0.00471 0)
(0 -0.00471 0)
(0 -0.00471 0)
(0 -0.00471 0)
(0 -0.00471 0)
(0 -0.00471 0)
(0 -0.00471 0)
(0 -0.00471 0)
(0 -0.00471 0)
(0 -0.00471 0)
(0 -0.00471 0)
(0 -0.00471 0)
(0 -0.00471 0)
(0 -0.00471 0)
(0 -0.00471 0)
(0 -0.00471 0)
(0 -0.00471 0)
(0 -0.00471 0)
(0 -0.00471 0)
(0 -0.00471 0)
(0 -0.00471 0)
(0 -0.00471 0)
(0 -0.00471 0)
(0 -0.00471 0)
(0 -0.00471 0)
(0 -0.00471 0)
(0 -0.00471 0)
(0 -0.00471 0)
(0 -0.00471 0)
(0 -0.00471 0)
(0 -0.00471 0)
(0 -0.00471 0)
(0 -0.00471 0)
(0 -0.00471 0)
(0 -0.00471 0)
(0 -0.00471 0)
(0 -0.00471 0)
(0 -0.00471 0)
(0 -0.00471 0)
(0 -0.00471 0)
(0 -0.00471 0)
(0 -0.00471 0)
(0 -0.00471 0)
(0 -0.00471 0)
(0 -0.00471 0)
(0 -0.00471 0)
(0 -0.00471 0)
(0 -0.00471 0)
(0 -0.00471 0)
(0 -0.00471 0)
(0 -0.00471 0)
(0 -0.00471 0)
(0 -0.00471 0)
(0 -0.00471 0)
(0 -0.00471 0)
(0 -0.00471 0)
(0 -0.00471 0)
(0 -0.00471 0)
(0 -0.00471 0)
(0 -0.00471 0)
(0 -0.00471 0)
(0 -0.00471 0)
(0 -0.00471 0)
(0 -0.00471 0)
(0 -0.00471 0)
(0 -0.00471 0)
(0 -0.00471 0)
(0 -0.00471 0)
(0 -0.00471 0)
(0 -0.00471 0)
(0 -0.00471 0)
(0 -0.00471 0)
(0 -0.00471 0)
(0 -0.00471 0)
(0 -0.00471 0)
(0 -0.00471 0)
(0 -0.00471 0)
(0 -0.00471 0)
(0 -0.00471 0)
(0 -0.00471 0)
(0 -0.00471 0)
(0 -0.00471 0)
(0 -0.00471 0)
(0 -0.00471 0)
(0 -0.00471 0)
(0 -0.00471 0)
(0 -0.00471 0)
(0 -0.00471 0)
(0 -0.00471 0)
(0 -0.00471 0)
(0 -0.00471 0)
(0 -0.00471 0)
(0 -0.00471 0)
(0 -0.00471 0)
(0 -0.00471 0)
(0 -0.00471 0)
(0 -0.00471 0)
(0 -0.00471 0)
(0 -0.00471 0)
(0 -0.00471 0)
(0 -0.00471 0)
(0 -0.00471 0)
(0 -0.00471 0)
(0 -0.00471 0)
(0 -0.00471 0)
(0 -0.00471 0)
(0 -0.00471 0)
(0 -0.00471 0)
(0 -0.00471 0)
(0 -0.00471 0)
(0 -0.00471 0)
(0 -0.00471 0)
(0 -0.00471 0)
(0 -0.00471 0)
(0 -0.00471 0)
(0 -0.00471 0)
(0 -0.00471 0)
(0 -0.00471 0)
(0 -0.00471 0)
(0 -0.00471 0)
(0 -0.00471 0)
(0 -0.00471 0)
(0 -0.00471 0)
(0 -0.00471 0)
(0 -0.00471 0)
(0 -0.00471 0)
(0 -0.00471 0)
(0 -0.00471 0)
(0 -0.00471 0)
(0 -0.00471 0)
(0 -0.00471 0)
(0 -0.00471 0)
(0 -0.00471 0)
(0 -0.00471 0)
(0 -0.00471 0)
(0 -0.00471 0)
(0 -0.00471 0)
(0 -0.00471 0)
(0 -0.00471 0)
(0 -0.00471 0)
(0 -0.00471 0)
(0 -0.00471 0)
(0 -0.00471 0)
(0 -0.00471 0)
(0 -0.00471 0)
(0 -0.00471 0)
(0 -0.00471 0)
(0 -0.00471 0)
(0 -0.00471 0)
(0 -0.00471 0)
(0 -0.00471 0)
(0 -0.00471 0)
(0 -0.00471 0)
(0 -0.00471 0)
(0 -0.00471 0)
(0 -0.00471 0)
(0 -0.00471 0)
(0 -0.00471 0)
(0 -0.00471 0)
(0 -0.00471 0)
(0 -0.00471 0)
(0 -0.00471 0)
(0 -0.00471 0)
(0 -0.00471 0)
(0 -0.00471 0)
(0 -0.00471 0)
(0 -0.00471 0)
(0 -0.00471 0)
(0 -0.00471 0)
(0 -0.00471 0)
(0 -0.00471 0)
(0 -0.00471 0)
(0 -0.00471 0)
(0 -0.00471 0)
(0 -0.00471 0)
(0 -0.00471 0)
(0 -0.00471 0)
(0 -0.00471 0)
(0 -0.00471 0)
(0 -0.00471 0)
(0 -0.00471 0)
(0 -0.00471 0)
(0 -0.00471 0)
(0 -0.00471 0)
(0 -0.00471 0)
(0 -0.00471 0)
(0 -0.00471 0)
(0 -0.00471 0)
(0 -0.00471 0)
(0 -0.00471 0)
(0 -0.00471 0)
(0 -0.00471 0)
(0 -0.00471 0)
(0 -0.00471 0)
(0 -0.00471 0)
(0 -0.00471 0)
(0 -0.00471 0)
(0 -0.00471 0)
(0 -0.00471 0)
(0 -0.00471 0)
(0 -0.00471 0)
(0 -0.00471 0)
(0 -0.00471 0)
(0 -0.00471 0)
(0 -0.00471 0)
(0 -0.00471 0)
(0 -0.00471 0)
(0 -0.00471 0)
(0 -0.00471 0)
(0 -0.00471 0)
(0 -0.00471 0)
(0 -0.00471 0)
(0 -0.00471 0)
(0 -0.00471 0)
(0 -0.00471 0)
(0 -0.00471 0)
(0 -0.00471 0)
(0 -0.00471 0)
(0 -0.00471 0)
(0 -0.00471 0)
(0 -0.00471 0)
(0 -0.00471 0)
(0 -0.00471 0)
(0 -0.00471 0)
(0 -0.00471 0)
(0 -0.00471 0)
(0 -0.00471 0)
(0 -0.00471 0)
(0 -0.00471 0)
(0 -0.00471 0)
(0 -0.00471 0)
(0 -0.00471 0)
(0 -0.00471 0)
(0 -0.00471 0)
(0 -0.00471 0)
(0 -0.00471 0)
(0 -0.00471 0)
(0 -0.00471 0)
(0 -0.00471 0)
(0 -0.00471 0)
(0 -0.00471 0)
(0 -0.00471 0)
(0 -0.00471 0)
(0 -0.00471 0)
(0 -0.00471 0)
(0 -0.00471 0)
(0 -0.00471 0)
(0 -0.00471 0)
(0 -0.00471 0)
(0 -0.00471 0)
(0 -0.00471 0)
(0 -0.00471 0)
(0 -0.00471 0)
(0 -0.00471 0)
(0 -0.00471 0)
(0 -0.00471 0)
(0 -0.00471 0)
(0 -0.00471 0)
(0 -0.00471 0)
(0 -0.00471 0)
(0 -0.00471 0)
(0 -0.00471 0)
(0 -0.00471 0)
(0 -0.00471 0)
(0 -0.00471 0)
(0 -0.00471 0)
(0 -0.00471 0)
(0 -0.00471 0)
(0 -0.00471 0)
(0 -0.00471 0)
(0 -0.00471 0)
(0 -0.00471 0)
(0 -0.00471 0)
(0 -0.00471 0)
(0 -0.00471 0)
(0 -0.00471 0)
(0 -0.00471 0)
(0 -0.00471 0)
(0 -0.00471 0)
(0 -0.00471 0)
(0 -0.00471 0)
(0 -0.00471 0)
(0 -0.00471 0)
(0 -0.00471 0)
(0 -0.00471 0)
(0 -0.00471 0)
(0 -0.00471 0)
(0 -0.00471 0)
(0 -0.00471 0)
(0 -0.00471 0)
(0 -0.00471 0)
(0 -0.00471 0)
(0 -0.00471 0)
(0 -0.00471 0)
(0 -0.00471 0)
(0 -0.00471 0)
(0 -0.00471 0)
(0 -0.00471 0)
(0 -0.00471 0)
(0 -0.00471 0)
(0 -0.00471 0)
(0 -0.00471 0)
(0 -0.00471 0)
(0 -0.00471 0)
(0 -0.00471 0)
(0 -0.00471 0)
(0 -0.00471 0)
(0 -0.00471 0)
(0 -0.00471 0)
(0 -0.00471 0)
(0 -0.00471 0)
(0 -0.00471 0)
(0 -0.00471 0)
(0 -0.00471 0)
(0 -0.00471 0)
(0 -0.00471 0)
(0 -0.00471 0)
(0 -0.00471 0)
(0 -0.00471 0)
(0 -0.00471 0)
(0 -0.00471 0)
(0 -0.00471 0)
(0 -0.00471 0)
(0 -0.00471 0)
(0 -0.00471 0)
(0 -0.00471 0)
(0 -0.00471 0)
(0 -0.00471 0)
(0 -0.00471 0)
(0 -0.00471 0)
(0 -0.00471 0)
(0 -0.00471 0)
(0 -0.00471 0)
(0 -0.00471 0)
(0 -0.00471 0)
(0 -0.00471 0)
(0 -0.00471 0)
(0 -0.00471 0)
(0 -0.00471 0)
(0 -0.00471 0)
(0 -0.00471 0)
(0 -0.00471 0)
(0 -0.00471 0)
(0 -0.00471 0)
(0 -0.00471 0)
(0 -0.00471 0)
(0 -0.00471 0)
(0 -0.00471 0)
(0 -0.00471 0)
(0 -0.00471 0)
(0 -0.00471 0)
(0 -0.00471 0)
(0 -0.00471 0)
(0 -0.00471 0)
(0 -0.00471 0)
(0 -0.00471 0)
(0 -0.00471 0)
(0 -0.00471 0)
(0 -0.00471 0)
(0 -0.00471 0)
(0 -0.00471 0)
(0 -0.00471 0)
(0 -0.00471 0)
(0 -0.00471 0)
(0 -0.00471 0)
(0 -0.00471 0)
(0 -0.00471 0)
(0 -0.00471 0)
(0 -0.00471 0)
(0 -0.00471 0)
(0 -0.00471 0)
(0 -0.00471 0)
(0 -0.00471 0)
(0 -0.00471 0)
(0 -0.00471 0)
(0 -0.00471 0)
(0 -0.00471 0)
(0 -0.00471 0)
(0 -0.00471 0)
(0 -0.00471 0)
(0 -0.00471 0)
(0 -0.00471 0)
(0 -0.00471 0)
(0 -0.00471 0)
(0 -0.00471 0)
(0 -0.00471 0)
(0 -0.00471 0)
(0 -0.00471 0)
(0 -0.00471 0)
(0 -0.00471 0)
(0 -0.00471 0)
(0 -0.00471 0)
(0 -0.00471 0)
(0 -0.00471 0)
(0 -0.00471 0)
(0 -0.00471 0)
(0 -0.00471 0)
(0 -0.00471 0)
(0 -0.00471 0)
(0 -0.00471 0)
(0 -0.00471 0)
(0 -0.00471 0)
(0 -0.00471 0)
(0 -0.00471 0)
(0 -0.00471 0)
(0 -0.00471 0)
(0 -0.00471 0)
(0 -0.00471 0)
(0 -0.00471 0)
(0 -0.00471 0)
(0 -0.00471 0)
(0 -0.00471 0)
(0 -0.00471 0)
(0 -0.00471 0)
(0 -0.00471 0)
(0 -0.00471 0)
(0 -0.00471 0)
(0 -0.00471 0)
(0 -0.00471 0)
(0 -0.00471 0)
(0 -0.00471 0)
(0 -0.00471 0)
(0 -0.00471 0)
(0 -0.00471 0)
(0 -0.00471 0)
(0 -0.00471 0)
(0 -0.00471 0)
(0 -0.00471 0)
(0 -0.00471 0)
(0 -0.00471 0)
(0 -0.00471 0)
(0 -0.00471 0)
(0 -0.00471 0)
(0 -0.00471 0)
(0 -0.00471 0)
(0 -0.00471 0)
(0 -0.00471 0)
(0 -0.00471 0)
(0 -0.00471 0)
(0 -0.00471 0)
(0 -0.00471 0)
(0 -0.00471 0)
(0 -0.00471 0)
(0 -0.00471 0)
(0 -0.00471 0)
(0 -0.00471 0)
(0 -0.00471 0)
(0 -0.00471 0)
(0 -0.00471 0)
(0 -0.00471 0)
(0 -0.00471 0)
(0 -0.00471 0)
(0 -0.00471 0)
(0 -0.00471 0)
(0 -0.00471 0)
(0 -0.00471 0)
(0 -0.00471 0)
(0 -0.00471 0)
(0 -0.00471 0)
(0 -0.00471 0)
(0 -0.00471 0)
(0 -0.00471 0)
(0 -0.00471 0)
(0 -0.00471 0)
(0 -0.00471 0)
(0 -0.00471 0)
(0 -0.00471 0)
(0 -0.00471 0)
(0 -0.00471 0)
(0 -0.00471 0)
(0 -0.00471 0)
(0 -0.00471 0)
(0 -0.00471 0)
(0 -0.00471 0)
(0 -0.00471 0)
(0 -0.00471 0)
(0 -0.00471 0)
(0 -0.00471 0)
(0 -0.00471 0)
(0 -0.00471 0)
(0 -0.00471 0)
(0 -0.00471 0)
(0 -0.00471 0)
(0 -0.00471 0)
(0 -0.00471 0)
(0 -0.00471 0)
(0 -0.00471 0)
(0 -0.00471 0)
(0 -0.00471 0)
(0 -0.00471 0)
(0 -0.00471 0)
(0 -0.00471 0)
(0 -0.00471 0)
(0 -0.00471 0)
(0 -0.00471 0)
(0 -0.00471 0)
(0 -0.00471 0)
(0 -0.00471 0)
(0 -0.00471 0)
(0 -0.00471 0)
(0 -0.00471 0)
(0 -0.00471 0)
(0 -0.00471 0)
(0 -0.00471 0)
(0 -0.00471 0)
(0 -0.00471 0)
(0 -0.00471 0)
(0 -0.00471 0)
(0 -0.00471 0)
(0 -0.00471 0)
(0 -0.00471 0)
(0 -0.00471 0)
(0 -0.00471 0)
(0 -0.00471 0)
(0 -0.00471 0)
(0 -0.00471 0)
(0 -0.00471 0)
(0 -0.00471 0)
(0 -0.00471 0)
(0 -0.00471 0)
(0 -0.00471 0)
(0 -0.00471 0)
(0 -0.00471 0)
(0 -0.00471 0)
(0 -0.00471 0)
(0 -0.00471 0)
(0 -0.00471 0)
(0 -0.00471 0)
(0 -0.00471 0)
(0 -0.00471 0)
(0 -0.00471 0)
(0 -0.00471 0)
(0 -0.00471 0)
(0 -0.00471 0)
(0 -0.00471 0)
(0 -0.00471 0)
(0 -0.00471 0)
(0 -0.00471 0)
(0 -0.00471 0)
(0 -0.00471 0)
(0 -0.00471 0)
(0 -0.00471 0)
(0 -0.00471 0)
(0 -0.00471 0)
(0 -0.00471 0)
(0 -0.00471 0)
(0 -0.00471 0)
(0 -0.00471 0)
(0 -0.00471 0)
(0 -0.00471 0)
(0 -0.00471 0)
(0 -0.00471 0)
(0 -0.00471 0)
(0 -0.00471 0)
(0 -0.00471 0)
(0 -0.00471 0)
(0 -0.00471 0)
(0 -0.00471 0)
(0 -0.00471 0)
(0 -0.00471 0)
(0 -0.00471 0)
(0 -0.00471 0)
(0 -0.00471 0)
(0 -0.00471 0)
(0 -0.00471 0)
(0 -0.00471 0)
(0 -0.00471 0)
(0 -0.00471 0)
(0 -0.00471 0)
(0 -0.00471 0)
(0 -0.00471 0)
(0 -0.00471 0)
(0 -0.00471 0)
(0 -0.00471 0)
(0 -0.00471 0)
(0 -0.00471 0)
(0 -0.00471 0)
(0 -0.00471 0)
(0 -0.00471 0)
(0 -0.00471 0)
(0 -0.00471 0)
(0 -0.00471 0)
(0 -0.00471 0)
(0 -0.00471 0)
(0 -0.00471 0)
(0 -0.00471 0)
(0 -0.00471 0)
(0 -0.00471 0)
(0 -0.00471 0)
(0 -0.00471 0)
(0 -0.00471 0)
(0 -0.00471 0)
(0 -0.00471 0)
(0 -0.00471 0)
(0 -0.00471 0)
(0 -0.00471 0)
(0 -0.00471 0)
(0 -0.00471 0)
(0 -0.00471 0)
(0 -0.00471 0)
(0 -0.00471 0)
(0 -0.00471 0)
(0 -0.00471 0)
(0 -0.00471 0)
(0 -0.00471 0)
(0 -0.00471 0)
(0 -0.00471 0)
(0 -0.00471 0)
(0 -0.00471 0)
(0 -0.00471 0)
(0 -0.00471 0)
(0 -0.00471 0)
(0 -0.00471 0)
(0 -0.00471 0)
(0 -0.00471 0)
(0 -0.00471 0)
(0 -0.00471 0)
(0 -0.00471 0)
(0 -0.00471 0)
(0 -0.00471 0)
(0 -0.00471 0)
(0 -0.00471 0)
(0 -0.00471 0)
(0 -0.00471 0)
(0 -0.00471 0)
(0 -0.00471 0)
(0 -0.00471 0)
(0 -0.00471 0)
(0 -0.00471 0)
(0 -0.00471 0)
(0 -0.00471 0)
(0 -0.00471 0)
(0 -0.00471 0)
(0 -0.00471 0)
(0 -0.00471 0)
(0 -0.00471 0)
(0 -0.00471 0)
(0 -0.00471 0)
(0 -0.00471 0)
(0 -0.00471 0)
(0 -0.00471 0)
(0 -0.00471 0)
(0 -0.00471 0)
(0 -0.00471 0)
(0 -0.00471 0)
(0 -0.00471 0)
(0 -0.00471 0)
(0 -0.00471 0)
(0 -0.00471 0)
(0 -0.00471 0)
(0 -0.00471 0)
(0 -0.00471 0)
(0 -0.00471 0)
(0 -0.00471 0)
(0 -0.00471 0)
(0 -0.00471 0)
(0 -0.00471 0)
(0 -0.00471 0)
(0 -0.00471 0)
(0 -0.00471 0)
(0 -0.00471 0)
(0 -0.00471 0)
(0 -0.00471 0)
(0 -0.00471 0)
(0 -0.00471 0)
(0 -0.00471 0)
(0 -0.00471 0)
(0 -0.00471 0)
(0 -0.00471 0)
(0 -0.00471 0)
(0 -0.00471 0)
(0 -0.00471 0)
(0 -0.00471 0)
(0 -0.00471 0)
(0 -0.00471 0)
(0 -0.00471 0)
(0 -0.00471 0)
(0 -0.00471 0)
(0 -0.00471 0)
(0 -0.00471 0)
(0 -0.00471 0)
(0 -0.00471 0)
(0 -0.00471 0)
(0 -0.00471 0)
(0 -0.00471 0)
(0 -0.00471 0)
(0 -0.00471 0)
(0 -0.00471 0)
(0 -0.00471 0)
(0 -0.00471 0)
(0 -0.00471 0)
(0 -0.00471 0)
(0 -0.00471 0)
(0 -0.00471 0)
(0 -0.00471 0)
(0 -0.00471 0)
(0 -0.00471 0)
(0 -0.00471 0)
(0 -0.00471 0)
(0 -0.00471 0)
(0 -0.00471 0)
(0 -0.00471 0)
(0 -0.00471 0)
(0 -0.00471 0)
(0 -0.00471 0)
(0 -0.00471 0)
(0 -0.00471 0)
(0 -0.00471 0)
(0 -0.00471 0)
(0 -0.00471 0)
(0 -0.00471 0)
(0 -0.00471 0)
(0 -0.00471 0)
(0 -0.00471 0)
(0 -0.00471 0)
(0 -0.00471 0)
(0 -0.00471 0)
(0 -0.00471 0)
(0 -0.00471 0)
(0 -0.00471 0)
(0 -0.00471 0)
(0 -0.00471 0)
(0 -0.00471 0)
(0 -0.00471 0)
(0 -0.00471 0)
(0 -0.00471 0)
(0 -0.00471 0)
(0 -0.00471 0)
(0 -0.00471 0)
(0 -0.00471 0)
(0 -0.00471 0)
(0 -0.00471 0)
(0 -0.00471 0)
(0 -0.00471 0)
(0 -0.00471 0)
(0 -0.00471 0)
(0 -0.00471 0)
(0 -0.00471 0)
(0 -0.00471 0)
(0 -0.00471 0)
(0 -0.00471 0)
(0 -0.00471 0)
(0 -0.00471 0)
(0 -0.00471 0)
(0 -0.00471 0)
(0 -0.00471 0)
(0 -0.00471 0)
(0 -0.00471 0)
(0 -0.00471 0)
(0 -0.00471 0)
(0 -0.00471 0)
(0 -0.00471 0)
(0 -0.00471 0)
(0 -0.00471 0)
(0 -0.00471 0)
(0 -0.00471 0)
(0 -0.00471 0)
(0 -0.00471 0)
(0 -0.00471 0)
(0 -0.00471 0)
(0 -0.00471 0)
(0 -0.00471 0)
(0 -0.00471 0)
(0 -0.00471 0)
(0 -0.00471 0)
(0 -0.00471 0)
(0 -0.00471 0)
(0 -0.00471 0)
(0 -0.00471 0)
(0 -0.00471 0)
(0 -0.00471 0)
(0 -0.00471 0)
(0 -0.00471 0)
(0 -0.00471 0)
(0 -0.00471 0)
(0 -0.00471 0)
(0 -0.00471 0)
(0 -0.00471 0)
(0 -0.00471 0)
(0 -0.00471 0)
(0 -0.00471 0)
(0 -0.00471 0)
(0 -0.00471 0)
(0 -0.00471 0)
(0 -0.00471 0)
(0 -0.00471 0)
(0 -0.00471 0)
(0 -0.00471 0)
(0 -0.00471 0)
(0 -0.00471 0)
(0 -0.00471 0)
(0 -0.00471 0)
(0 -0.00471 0)
(0 -0.00471 0)
(0 -0.00471 0)
(0 -0.00471 0)
(0 -0.00471 0)
(0 -0.00471 0)
(0 -0.00471 0)
(0 -0.00471 0)
(0 -0.00471 0)
(0 -0.00471 0)
(0 -0.00471 0)
(0 -0.00471 0)
(0 -0.00471 0)
(0 -0.00471 0)
(0 -0.00471 0)
(0 -0.00471 0)
(0 -0.00471 0)
(0 -0.00471 0)
(0 -0.00471 0)
(0 -0.00471 0)
(0 -0.00471 0)
(0 -0.00471 0)
(0 -0.00471 0)
(0 -0.00471 0)
(0 -0.00471 0)
(0 -0.00471 0)
(0 -0.00471 0)
(0 -0.00471 0)
(0 -0.00471 0)
(0 -0.00471 0)
(0 -0.00471 0)
(0 -0.00471 0)
(0 -0.00471 0)
(0 -0.00471 0)
(0 -0.00471 0)
(0 -0.00471 0)
(0 -0.00471 0)
(0 -0.00471 0)
(0 -0.00471 0)
(0 -0.00471 0)
(0 -0.00471 0)
(0 -0.00471 0)
(0 -0.00471 0)
(0 -0.00471 0)
(0 -0.00471 0)
(0 -0.00471 0)
(0 -0.00471 0)
(0 -0.00471 0)
(0 -0.00471 0)
(0 -0.00471 0)
(0 -0.00471 0)
(0 -0.00471 0)
(0 -0.00471 0)
(0 -0.00471 0)
(0 -0.00471 0)
(0 -0.00471 0)
(0 -0.00471 0)
(0 -0.00471 0)
(0 -0.00471 0)
(0 -0.00471 0)
(0 -0.00471 0)
(0 -0.00471 0)
(0 -0.00471 0)
(0 -0.00471 0)
(0 -0.00471 0)
(0 -0.00471 0)
(0 -0.00471 0)
(0 -0.00471 0)
(0 -0.00471 0)
(0 -0.00471 0)
(0 -0.00471 0)
(0 -0.00471 0)
(0 -0.00471 0)
(0 -0.00471 0)
(0 -0.00471 0)
(0 -0.00471 0)
(0 -0.00471 0)
(0 -0.00471 0)
(0 -0.00471 0)
(0 -0.00471 0)
(0 -0.00471 0)
(0 -0.00471 0)
(0 -0.00471 0)
(0 -0.00471 0)
(0 -0.00471 0)
(0 -0.00471 0)
(0 -0.00471 0)
(0 -0.00471 0)
(0 -0.00471 0)
(0 -0.00471 0)
(0 -0.00471 0)
)
;

boundaryField
{
    inlet
    {
        type            fixedValue;
        value           uniform (0 0 0);
    }
    outlet
    {
        type            fixedValue;
        value           uniform (0 0 0);
    }
    hopper_outlet
    {
        type            fixedValue;
        value           uniform (0 -0.00471 0);
    }
    Wall
    {
        type            fixedValue;
        value           uniform (0 0 0);
    }
    bottom
    {
        type            fixedValue;
        value           uniform (0 0 0);
    }
    top
    {
        type            symmetryPlane;
    }
    front
    {
        type            wedge;
    }
    back
    {
        type            wedge;
    }
}


// ************************************************************************* //
