/*--------------------------------*- C++ -*----------------------------------*\
| =========                 |                                                 |
| \\      /  F ield         | OpenFOAM: The Open Source CFD Toolbox           |
|  \\    /   O peration     | Version:  2312                                  |
|   \\  /    A nd           | Website:  www.openfoam.com                      |
|    \\/     M anipulation  |                                                 |
\*---------------------------------------------------------------------------*/
FoamFile
{
    version     2.0;
    format      ascii;
    arch        "LSB;label=32;scalar=64";
    class       volScalarField;
    location    "13117.4";
    object      epsilon;
}
// * * * * * * * * * * * * * * * * * * * * * * * * * * * * * * * * * * * * * //

dimensions      [0 2 -3 0 0 0 0];

internalField   nonuniform List<scalar> 
3780
(
2.02107e-05
1.34138e-05
1.25594e-05
1.22014e-05
1.17749e-05
1.11992e-05
1.04901e-05
9.70285e-06
8.93215e-06
8.32147e-06
8.04335e-06
8.14462e-06
8.53057e-06
8.96761e-06
9.13765e-06
8.74615e-06
7.79063e-06
6.45773e-06
5.0158e-06
3.73021e-06
2.8207e-06
2.27718e-06
1.92629e-06
1.71198e-06
1.58772e-06
1.52132e-06
1.4935e-06
1.49413e-06
1.51822e-06
1.56242e-06
1.62235e-06
1.69358e-06
1.77387e-06
1.8609e-06
1.95149e-06
2.04233e-06
2.13005e-06
2.21215e-06
2.28248e-06
2.30685e-06
2.76961e-05
1.69446e-05
1.53349e-05
1.4845e-05
1.44818e-05
1.39976e-05
1.33165e-05
1.24378e-05
1.14296e-05
1.04503e-05
9.71729e-06
9.30956e-06
9.19253e-06
9.18767e-06
9.00385e-06
8.36496e-06
7.26383e-06
5.8748e-06
4.45408e-06
3.24411e-06
2.42787e-06
1.96481e-06
1.68133e-06
1.51848e-06
1.43221e-06
1.39416e-06
1.38778e-06
1.40377e-06
1.43617e-06
1.47999e-06
1.53037e-06
1.58295e-06
1.63363e-06
1.67793e-06
1.71134e-06
1.73209e-06
1.7379e-06
1.72807e-06
1.7008e-06
1.65145e-06
3.69404e-05
2.14251e-05
1.93455e-05
1.88999e-05
1.87046e-05
1.84019e-05
1.78532e-05
1.69994e-05
1.58402e-05
1.44538e-05
1.30514e-05
1.17957e-05
1.0789e-05
9.99777e-06
9.24516e-06
8.2661e-06
6.99781e-06
5.54741e-06
4.125e-06
2.94814e-06
2.18137e-06
1.75859e-06
1.51144e-06
1.38217e-06
1.32824e-06
1.32217e-06
1.3472e-06
1.39254e-06
1.4496e-06
1.50976e-06
1.56859e-06
1.62089e-06
1.66061e-06
1.68125e-06
1.67771e-06
1.64876e-06
1.59842e-06
1.53735e-06
1.48035e-06
1.43487e-06
4.4495e-05
2.50219e-05
2.25311e-05
2.21789e-05
2.22341e-05
2.22384e-05
2.19964e-05
2.13959e-05
2.037e-05
1.89033e-05
1.70771e-05
1.51198e-05
1.32249e-05
1.15252e-05
1.00241e-05
8.59683e-06
7.06303e-06
5.48585e-06
4.01013e-06
2.81295e-06
2.05903e-06
1.65342e-06
1.42993e-06
1.33105e-06
1.31363e-06
1.34823e-06
1.41486e-06
1.49817e-06
1.58387e-06
1.66218e-06
1.73195e-06
1.7887e-06
1.82545e-06
1.83384e-06
1.80678e-06
1.74237e-06
1.64727e-06
1.53973e-06
1.44479e-06
1.38004e-06
5.07596e-05
2.77775e-05
2.49617e-05
2.47219e-05
2.50305e-05
2.53522e-05
2.54549e-05
2.51946e-05
2.44606e-05
2.31631e-05
2.12456e-05
1.88926e-05
1.63232e-05
1.37806e-05
1.145e-05
9.38805e-06
7.5248e-06
5.74694e-06
4.1424e-06
2.87552e-06
2.10008e-06
1.68314e-06
1.45748e-06
1.36644e-06
1.3655e-06
1.42196e-06
1.51123e-06
1.61263e-06
1.70663e-06
1.78886e-06
1.86152e-06
1.92167e-06
1.96225e-06
1.97318e-06
1.94357e-06
1.8662e-06
1.74333e-06
1.59576e-06
1.45785e-06
1.36178e-06
5.56305e-05
2.96705e-05
2.65489e-05
2.63645e-05
2.68461e-05
2.74018e-05
2.77791e-05
2.78227e-05
2.74071e-05
2.64102e-05
2.47009e-05
2.23201e-05
1.94494e-05
1.63524e-05
1.33228e-05
1.05925e-05
8.25311e-06
6.25923e-06
4.52309e-06
3.12986e-06
2.30142e-06
1.8468e-06
1.59079e-06
1.47539e-06
1.45462e-06
1.49545e-06
1.57208e-06
1.66054e-06
1.73803e-06
1.80632e-06
1.87084e-06
1.93073e-06
1.97969e-06
2.0064e-06
1.99569e-06
1.93229e-06
1.80814e-06
1.63769e-06
1.45972e-06
1.32545e-06
5.94031e-05
3.08768e-05
2.74556e-05
2.72606e-05
2.78176e-05
2.84905e-05
2.90177e-05
2.92472e-05
2.90626e-05
2.83514e-05
2.69842e-05
2.482e-05
2.1973e-05
1.86672e-05
1.52163e-05
1.19563e-05
9.13793e-06
6.84384e-06
5.00775e-06
3.53578e-06
2.63176e-06
2.11832e-06
1.80617e-06
1.63656e-06
1.56215e-06
1.54891e-06
1.57456e-06
1.61808e-06
1.6539e-06
1.68942e-06
1.73263e-06
1.78482e-06
1.84141e-06
1.8914e-06
1.91675e-06
1.89386e-06
1.79999e-06
1.63389e-06
1.42771e-06
1.25168e-06
6.23774e-05
3.16265e-05
2.79255e-05
2.76738e-05
2.8223e-05
2.89005e-05
2.94404e-05
2.97018e-05
2.95893e-05
2.90177e-05
2.78815e-05
2.6027e-05
2.34107e-05
2.0189e-05
1.66325e-05
1.30992e-05
9.94131e-06
7.37775e-06
5.42245e-06
3.94922e-06
3.01878e-06
2.44629e-06
2.06487e-06
1.82085e-06
1.67009e-06
1.58004e-06
1.5296e-06
1.50693e-06
1.48272e-06
1.47086e-06
1.48004e-06
1.5128e-06
1.56709e-06
1.63491e-06
1.69933e-06
1.73209e-06
1.69586e-06
1.56549e-06
1.35106e-06
1.13414e-06
6.47627e-05
3.21088e-05
2.81816e-05
2.78651e-05
2.83606e-05
2.89621e-05
2.94005e-05
2.95496e-05
2.93419e-05
2.87314e-05
2.76607e-05
2.60207e-05
2.36592e-05
2.0663e-05
1.72335e-05
1.36889e-05
1.04083e-05
7.70238e-06
5.67863e-06
4.2262e-06
3.33515e-06
2.75022e-06
2.30956e-06
1.99085e-06
1.75993e-06
1.58985e-06
1.46272e-06
1.36842e-06
1.27857e-06
1.21653e-06
1.18544e-06
1.18666e-06
1.22046e-06
1.284e-06
1.36709e-06
1.44569e-06
1.4765e-06
1.41058e-06
1.21846e-06
9.73143e-07
6.66514e-05
3.24445e-05
2.83774e-05
2.80224e-05
2.8452e-05
2.893e-05
2.91857e-05
2.91096e-05
2.86657e-05
2.78507e-05
2.666e-05
2.50411e-05
2.2848e-05
2.00846e-05
1.68993e-05
1.35456e-05
1.03671e-05
7.69914e-06
5.71176e-06
4.32904e-06
3.50294e-06
2.93765e-06
2.48163e-06
2.11524e-06
1.82241e-06
1.58788e-06
1.39818e-06
1.23959e-06
1.10488e-06
1.00531e-06
9.3856e-07
9.03395e-07
8.99844e-07
9.28374e-07
9.87246e-07
1.06613e-06
1.13466e-06
1.14024e-06
1.01054e-06
7.78229e-07
6.80563e-05
3.26882e-05
2.86136e-05
2.82725e-05
2.86396e-05
2.89553e-05
2.89514e-05
2.85387e-05
2.77163e-05
2.65292e-05
2.50343e-05
2.32542e-05
2.11047e-05
1.85447e-05
1.56712e-05
1.2662e-05
9.78439e-06
7.3346e-06
5.49372e-06
4.21691e-06
3.45965e-06
2.9307e-06
2.48785e-06
2.11518e-06
1.80532e-06
1.55022e-06
1.3393e-06
1.15868e-06
1.00434e-06
8.84279e-07
7.93625e-07
7.28468e-07
6.86704e-07
6.67716e-07
6.71496e-07
6.96001e-07
7.31439e-07
7.56052e-07
7.124e-07
5.72521e-07
6.89447e-05
3.28672e-05
2.89893e-05
2.87489e-05
2.9083e-05
2.92292e-05
2.89326e-05
2.81334e-05
2.68726e-05
2.52436e-05
2.33471e-05
2.12378e-05
1.88883e-05
1.63773e-05
1.37885e-05
1.12084e-05
8.79137e-06
6.73702e-06
5.17772e-06
4.08047e-06
3.42736e-06
2.95292e-06
2.54081e-06
2.18253e-06
1.87466e-06
1.61062e-06
1.37973e-06
1.18177e-06
1.01836e-06
8.86725e-07
7.81674e-07
6.98174e-07
6.31896e-07
5.78275e-07
5.32396e-07
4.90099e-07
4.50757e-07
4.19564e-07
4.16232e-07
3.92761e-07
7.25547e-05
3.29643e-05
2.94455e-05
2.93152e-05
2.95712e-05
2.94847e-05
2.88295e-05
2.75826e-05
2.58317e-05
2.37368e-05
2.14836e-05
1.92327e-05
1.70529e-05
1.48838e-05
1.2753e-05
1.06828e-05
8.73973e-06
7.02749e-06
5.62632e-06
4.53656e-06
3.85118e-06
3.3263e-06
2.87887e-06
2.49269e-06
2.15927e-06
1.87111e-06
1.61586e-06
1.37678e-06
1.17167e-06
1.01268e-06
8.95303e-07
8.10644e-07
7.49819e-07
6.95903e-07
6.29875e-07
5.43527e-07
4.50873e-07
3.64794e-07
2.82893e-07
2.09969e-07
7.77914e-05
3.42008e-05
3.02203e-05
2.99072e-05
3.00404e-05
2.98452e-05
2.90777e-05
2.77036e-05
2.57915e-05
2.35013e-05
2.10391e-05
1.86108e-05
1.6354e-05
1.42253e-05
1.21872e-05
1.02999e-05
8.58586e-06
7.07882e-06
5.8102e-06
4.77981e-06
4.11357e-06
3.59915e-06
3.16301e-06
2.78735e-06
2.46234e-06
2.18238e-06
1.94301e-06
1.73878e-06
1.56361e-06
1.41637e-06
1.30045e-06
1.22513e-06
1.1897e-06
1.18041e-06
1.14148e-06
9.96828e-07
7.9323e-07
6.38342e-07
5.5693e-07
5.1829e-07
8.31882e-05
3.57996e-05
3.12831e-05
3.07497e-05
3.07177e-05
3.03727e-05
2.94636e-05
2.79483e-05
2.5867e-05
2.33784e-05
2.06816e-05
1.80049e-05
1.55443e-05
1.33868e-05
1.14269e-05
9.69609e-06
8.18058e-06
6.86795e-06
5.75342e-06
4.82705e-06
4.21054e-06
3.72717e-06
3.311e-06
2.94655e-06
2.6243e-06
2.33864e-06
2.08615e-06
1.86483e-06
1.67397e-06
1.51454e-06
1.38969e-06
1.30506e-06
1.26657e-06
1.27633e-06
1.32499e-06
1.38765e-06
1.43971e-06
1.47417e-06
1.49599e-06
1.51472e-06
8.89863e-05
3.76021e-05
3.2487e-05
3.16996e-05
3.14782e-05
3.09519e-05
2.98559e-05
2.81536e-05
2.59225e-05
2.32992e-05
2.04234e-05
1.75445e-05
1.48794e-05
1.25779e-05
1.06337e-05
8.97729e-06
7.59997e-06
6.45245e-06
5.49287e-06
4.6909e-06
4.14461e-06
3.71131e-06
3.33221e-06
2.9954e-06
2.69345e-06
2.42186e-06
2.1778e-06
1.95925e-06
1.76468e-06
1.59298e-06
1.44375e-06
1.31777e-06
1.21717e-06
1.14483e-06
1.10212e-06
1.08599e-06
1.08825e-06
1.09891e-06
1.11001e-06
1.11752e-06
9.53815e-05
3.96914e-05
3.39132e-05
3.28421e-05
3.24091e-05
3.16797e-05
3.03722e-05
2.84485e-05
2.59946e-05
2.31653e-05
2.01439e-05
1.71045e-05
1.42494e-05
1.17879e-05
9.81121e-06
8.17366e-06
6.88594e-06
5.87216e-06
5.05756e-06
4.38785e-06
3.92709e-06
3.55999e-06
3.23407e-06
2.94017e-06
2.67269e-06
2.42841e-06
2.20543e-06
2.00253e-06
1.81879e-06
1.6534e-06
1.50562e-06
1.37479e-06
1.26054e-06
1.16277e-06
1.08163e-06
1.01699e-06
9.67753e-07
9.31458e-07
9.04608e-07
8.83461e-07
0.000102535
4.2112e-05
3.56014e-05
3.42252e-05
3.35687e-05
3.26222e-05
3.10823e-05
2.89088e-05
2.61948e-05
2.31073e-05
1.9849e-05
1.66273e-05
1.36221e-05
1.09771e-05
8.86757e-06
7.27447e-06
6.05667e-06
5.15383e-06
4.47045e-06
3.93132e-06
3.56423e-06
3.27357e-06
3.0131e-06
2.77518e-06
2.55544e-06
2.35155e-06
2.16232e-06
1.98713e-06
1.82555e-06
1.67723e-06
1.54177e-06
1.41872e-06
1.30759e-06
1.20786e-06
1.11905e-06
1.04065e-06
9.72131e-07
9.12738e-07
8.61393e-07
8.16537e-07
0.00011055
4.48951e-05
3.75836e-05
3.58912e-05
3.50133e-05
3.38515e-05
3.20733e-05
2.96318e-05
2.66255e-05
2.32344e-05
1.96787e-05
1.61876e-05
1.29721e-05
1.01957e-05
7.94093e-06
6.33013e-06
5.14338e-06
4.32579e-06
3.75603e-06
3.33764e-06
3.06412e-06
2.85254e-06
2.66314e-06
2.48877e-06
2.32548e-06
2.1713e-06
2.02532e-06
1.8872e-06
1.75687e-06
1.63435e-06
1.51965e-06
1.41274e-06
1.31351e-06
1.22178e-06
1.1373e-06
1.05975e-06
9.88767e-07
9.23882e-07
8.64513e-07
8.09748e-07
0.000119489
4.80566e-05
3.98787e-05
3.78689e-05
3.67861e-05
3.54279e-05
3.3425e-05
3.07175e-05
2.74052e-05
2.36786e-05
1.97753e-05
1.59458e-05
1.24257e-05
9.40883e-06
7.01563e-06
5.2656e-06
4.14342e-06
3.40953e-06
2.94447e-06
2.63569e-06
2.44951e-06
2.31254e-06
2.19222e-06
2.08151e-06
1.97649e-06
1.87514e-06
1.77652e-06
1.6803e-06
1.58653e-06
1.4954e-06
1.40718e-06
1.32208e-06
1.24034e-06
1.16217e-06
1.0878e-06
1.01741e-06
9.51078e-07
8.88715e-07
8.30245e-07
7.75139e-07
0.000129375
5.15984e-05
4.24937e-05
4.01745e-05
3.89151e-05
3.73954e-05
3.52005e-05
3.22518e-05
2.86443e-05
2.45749e-05
2.02951e-05
1.60764e-05
1.21806e-05
8.83277e-06
6.19135e-06
4.3104e-06
3.11786e-06
2.45593e-06
2.08926e-06
1.87841e-06
1.76854e-06
1.69558e-06
1.63474e-06
1.57935e-06
1.52548e-06
1.47093e-06
1.41467e-06
1.35633e-06
1.29592e-06
1.23377e-06
1.17037e-06
1.10598e-06
1.04039e-06
9.73914e-07
9.07118e-07
8.42101e-07
7.80324e-07
7.22746e-07
6.69648e-07
6.21028e-07
0.00014019
5.55065e-05
4.54213e-05
4.2808e-05
4.141e-05
3.97758e-05
3.74376e-05
3.42921e-05
3.04246e-05
2.60322e-05
2.13758e-05
1.67438e-05
1.24222e-05
8.66812e-06
5.682e-06
3.56591e-06
2.27293e-06
1.60906e-06
1.30408e-06
1.16001e-06
1.10436e-06
1.07667e-06
1.05777e-06
1.0419e-06
1.02478e-06
1.002e-06
9.73267e-07
9.38637e-07
8.96902e-07
8.47545e-07
7.90971e-07
7.32417e-07
6.75869e-07
6.2241e-07
5.72554e-07
5.26521e-07
4.84357e-07
4.45958e-07
4.11079e-07
3.79522e-07
0.000151881
5.97483e-05
4.86364e-05
4.57501e-05
4.42581e-05
4.25646e-05
4.01426e-05
3.6859e-05
3.27846e-05
2.81122e-05
2.31065e-05
1.80667e-05
1.32968e-05
9.08178e-06
5.66252e-06
3.19878e-06
1.70236e-06
9.76624e-07
7.02611e-07
6.30846e-07
6.06568e-07
5.82568e-07
5.52711e-07
5.32372e-07
5.40422e-07
5.22997e-07
4.88758e-07
4.49388e-07
4.12104e-07
3.77688e-07
3.45557e-07
3.15395e-07
2.87175e-07
2.60883e-07
2.36494e-07
2.13974e-07
1.93282e-07
1.74377e-07
1.57241e-07
1.42118e-07
0.000164357
6.4268e-05
5.20917e-05
4.89581e-05
4.74204e-05
4.57272e-05
4.32865e-05
3.9931e-05
3.57134e-05
3.08188e-05
2.55111e-05
2.00948e-05
1.48847e-05
1.0184e-05
6.26412e-06
3.33746e-06
1.49682e-06
6.08112e-07
2.99986e-07
2.19991e-07
2.02023e-07
1.94324e-07
1.86352e-07
1.76676e-07
1.65939e-07
1.53374e-07
1.38997e-07
1.24005e-07
1.09519e-07
9.60991e-08
8.39424e-08
7.30837e-08
6.34813e-08
5.50528e-08
4.76974e-08
4.13083e-08
3.57764e-08
3.09919e-08
2.68492e-08
2.32684e-08
0.00017749
6.89793e-05
5.57112e-05
5.23602e-05
5.08275e-05
4.91962e-05
4.68036e-05
4.34445e-05
3.91508e-05
3.4097e-05
2.85435e-05
2.27963e-05
1.71758e-05
1.19954e-05
7.5447e-06
4.07216e-06
1.74446e-06
5.44381e-07
1.4161e-07
5.863e-08
4.38269e-08
3.90882e-08
3.56598e-08
3.24217e-08
2.92594e-08
2.62528e-08
2.3438e-08
2.08454e-08
1.84972e-08
1.63984e-08
1.45399e-08
1.29049e-08
1.14738e-08
1.02256e-08
9.1402e-09
8.19891e-09
7.38447e-09
6.68115e-09
6.0747e-09
5.5527e-09
0.000191099
7.37536e-05
5.93821e-05
5.58511e-05
5.43784e-05
5.28732e-05
5.05975e-05
4.73051e-05
4.3004e-05
3.7856e-05
3.21155e-05
2.60869e-05
2.00926e-05
1.44517e-05
9.46579e-06
5.40749e-06
2.49571e-06
8.21229e-07
1.79525e-07
4.36902e-08
2.30928e-08
1.84057e-08
1.63461e-08
1.49663e-08
1.38479e-08
1.28631e-08
1.19713e-08
1.11554e-08
1.03982e-08
9.67898e-09
8.98986e-09
8.32933e-09
7.69993e-09
7.10499e-09
6.54757e-09
6.02984e-09
5.55307e-09
5.11759e-09
4.72282e-09
4.36633e-09
0.000204903
7.84033e-05
6.29438e-05
5.92833e-05
5.79342e-05
5.66265e-05
5.45438e-05
5.13963e-05
4.71666e-05
4.20015e-05
3.61468e-05
2.99013e-05
2.35837e-05
1.75118e-05
1.19924e-05
7.31499e-06
3.74022e-06
1.44934e-06
3.91331e-07
9.36466e-08
4.0233e-08
2.82088e-08
2.38111e-08
2.14619e-08
1.97821e-08
1.83799e-08
1.71323e-08
1.59948e-08
1.49525e-08
1.40055e-08
1.31418e-08
1.23069e-08
1.14824e-08
1.06672e-08
9.86918e-09
9.0985e-09
8.36438e-09
7.67428e-09
7.03333e-09
6.44254e-09
0.000218468
8.26644e-05
6.61733e-05
6.24515e-05
6.13001e-05
6.02697e-05
5.84649e-05
5.55519e-05
5.14882e-05
4.64059e-05
4.05413e-05
3.41843e-05
2.76426e-05
2.12214e-05
1.52168e-05
9.91813e-06
5.61088e-06
2.55419e-06
8.67659e-07
2.38136e-07
9.3148e-08
5.85761e-08
4.68974e-08
4.15085e-08
3.80759e-08
3.53292e-08
3.28773e-08
3.06011e-08
2.84658e-08
2.64614e-08
2.45917e-08
2.28974e-08
2.1356e-08
1.98678e-08
1.84005e-08
1.69558e-08
1.55518e-08
1.42092e-08
1.2946e-08
1.17716e-08
0.000231185
8.61907e-05
6.8777e-05
6.50801e-05
6.42065e-05
6.35346e-05
6.20922e-05
5.95043e-05
5.57061e-05
5.08194e-05
4.50748e-05
3.87542e-05
3.21507e-05
2.55461e-05
1.92059e-05
1.33894e-05
8.36934e-06
4.44371e-06
1.88735e-06
6.34486e-07
2.43104e-07
1.34711e-07
9.86508e-08
8.41961e-08
7.65371e-08
7.11e-08
6.64082e-08
6.19972e-08
5.7738e-08
5.3607e-08
4.96123e-08
4.57742e-08
4.21477e-08
3.88453e-08
3.58188e-08
3.29096e-08
3.00731e-08
2.73272e-08
2.47177e-08
2.22897e-08
0.000242307
8.85637e-05
7.04047e-05
6.68371e-05
6.63202e-05
6.60768e-05
6.50646e-05
6.28716e-05
5.94169e-05
5.48206e-05
4.93171e-05
4.31903e-05
3.67249e-05
3.01785e-05
2.3773e-05
1.77079e-05
1.21912e-05
7.48113e-06
3.91177e-06
1.67671e-06
7.07638e-07
3.56172e-07
2.2363e-07
1.7245e-07
1.49749e-07
1.36899e-07
1.27363e-07
1.18928e-07
1.10959e-07
1.03362e-07
9.61673e-08
8.93663e-08
8.28789e-08
7.65809e-08
7.04456e-08
6.45739e-08
5.88095e-08
5.29987e-08
4.72019e-08
4.16208e-08
0.000250875
8.92867e-05
7.06802e-05
6.73791e-05
6.72973e-05
6.75357e-05
6.69932e-05
6.52261e-05
6.21437e-05
5.78739e-05
5.26704e-05
4.68369e-05
4.06694e-05
3.44189e-05
2.82755e-05
2.23738e-05
1.68187e-05
1.17327e-05
7.33217e-06
3.97847e-06
2.05229e-06
1.08837e-06
6.03826e-07
3.85165e-07
2.90699e-07
2.49016e-07
2.28423e-07
2.15268e-07
2.03757e-07
1.91572e-07
1.78039e-07
1.63391e-07
1.48423e-07
1.34199e-07
1.21675e-07
1.11311e-07
1.03065e-07
9.62298e-08
8.88607e-08
7.89078e-08
0.000255261
8.76934e-05
6.91771e-05
6.63246e-05
6.67499e-05
6.75017e-05
6.74398e-05
6.60917e-05
6.33572e-05
5.93784e-05
5.44401e-05
4.88829e-05
4.30351e-05
3.71662e-05
3.14652e-05
2.60401e-05
2.09335e-05
1.61478e-05
1.16713e-05
7.71504e-06
4.93037e-06
3.15059e-06
1.93734e-06
1.18113e-06
7.47148e-07
5.1169e-07
3.85476e-07
3.14897e-07
2.71299e-07
2.40645e-07
2.17257e-07
2.00268e-07
1.90636e-07
1.87863e-07
1.88216e-07
1.86873e-07
1.8155e-07
1.73042e-07
1.63916e-07
1.55669e-07
0.000243444
8.27704e-05
6.58052e-05
6.37672e-05
6.48455e-05
6.61779e-05
6.66021e-05
6.56072e-05
6.30732e-05
5.91676e-05
5.4232e-05
4.86754e-05
4.28914e-05
3.71973e-05
3.18028e-05
2.68052e-05
2.2204e-05
1.79222e-05
1.38268e-05
9.94068e-06
6.93803e-06
4.81826e-06
3.18757e-06
2.02231e-06
1.25496e-06
7.87835e-07
5.19557e-07
3.68931e-07
2.8294e-07
2.31634e-07
1.99712e-07
1.79977e-07
1.6901e-07
1.64504e-07
1.64506e-07
1.68474e-07
1.78607e-07
2.02175e-07
2.69456e-07
5.65043e-07
0.000229467
7.75478e-05
6.2472e-05
6.14554e-05
6.31933e-05
6.48449e-05
6.52099e-05
6.37885e-05
6.05623e-05
5.58352e-05
5.00949e-05
4.38856e-05
3.76967e-05
3.18895e-05
2.66676e-05
2.20895e-05
1.81064e-05
1.46115e-05
1.14832e-05
8.66407e-06
6.44116e-06
4.79117e-06
3.42437e-06
2.35103e-06
1.56099e-06
1.01893e-06
6.71116e-07
4.59831e-07
3.36635e-07
2.68161e-07
2.352e-07
2.29518e-07
2.51472e-07
3.09264e-07
4.18571e-07
5.97168e-07
8.41512e-07
1.07437e-06
1.11934e-06
1.13446e-06
0.000212865
7.05535e-05
5.79801e-05
5.82106e-05
6.07025e-05
6.26839e-05
6.2963e-05
6.11026e-05
5.71928e-05
5.16879e-05
4.52362e-05
3.85133e-05
3.20875e-05
2.63398e-05
2.14463e-05
1.74122e-05
1.41299e-05
1.14366e-05
9.14772e-06
7.13498e-06
5.53728e-06
4.32227e-06
3.27312e-06
2.40015e-06
1.70883e-06
1.1921e-06
8.28957e-07
5.8901e-07
4.40362e-07
3.56509e-07
3.19773e-07
3.21494e-07
3.59583e-07
4.32183e-07
5.29957e-07
6.2625e-07
6.81157e-07
6.72527e-07
6.52211e-07
9.20364e-07
0.00019165
6.23641e-05
5.2576e-05
5.42151e-05
5.76239e-05
6.00916e-05
6.04098e-05
5.81925e-05
5.36618e-05
4.74497e-05
4.038e-05
3.32597e-05
2.672e-05
2.11346e-05
1.66231e-05
1.31163e-05
1.04415e-05
8.39361e-06
6.77447e-06
5.42731e-06
4.36397e-06
3.54337e-06
2.81345e-06
2.18032e-06
1.65225e-06
1.23294e-06
9.1828e-07
6.96652e-07
5.5222e-07
4.69266e-07
4.3541e-07
4.42544e-07
4.82973e-07
5.45853e-07
6.13282e-07
6.63237e-07
6.81914e-07
6.7871e-07
7.06468e-07
1.10981e-06
0.000166791
5.29036e-05
4.61268e-05
4.92566e-05
5.36672e-05
5.67121e-05
5.71601e-05
5.46826e-05
4.96489e-05
4.28835e-05
3.53906e-05
2.80973e-05
2.16708e-05
1.64438e-05
1.24502e-05
9.5298e-06
7.44226e-06
5.94645e-06
4.83912e-06
3.96453e-06
3.28264e-06
2.7532e-06
2.27322e-06
1.84494e-06
1.47489e-06
1.16885e-06
9.28819e-07
7.52127e-07
6.32316e-07
5.61133e-07
5.30202e-07
5.31122e-07
5.53707e-07
5.85392e-07
6.12393e-07
6.24152e-07
6.19429e-07
6.12271e-07
6.53205e-07
1.13195e-06
0.00013972
4.2756e-05
3.89122e-05
4.34517e-05
4.8866e-05
5.25609e-05
5.32587e-05
5.06715e-05
4.53104e-05
3.81939e-05
3.05035e-05
2.32703e-05
1.71679e-05
1.24554e-05
9.05899e-06
6.72467e-06
5.15747e-06
4.1015e-06
3.37382e-06
2.82645e-06
2.40482e-06
2.07638e-06
1.7746e-06
1.49979e-06
1.25629e-06
1.04899e-06
8.81044e-07
7.52861e-07
6.62087e-07
6.04289e-07
5.73654e-07
5.63211e-07
5.64679e-07
5.69064e-07
5.68895e-07
5.60859e-07
5.48139e-07
5.44588e-07
5.97512e-07
1.08922e-06
0.0001128
3.28016e-05
3.13609e-05
3.69778e-05
4.32467e-05
4.7602e-05
4.86719e-05
4.61581e-05
4.06795e-05
3.34367e-05
2.57829e-05
1.88367e-05
1.32484e-05
9.1727e-06
6.41534e-06
4.63863e-06
3.51694e-06
2.80318e-06
2.34031e-06
2.00571e-06
1.75099e-06
1.55241e-06
1.36831e-06
1.19818e-06
1.0445e-06
9.10495e-07
7.98647e-07
7.09853e-07
6.43223e-07
5.96258e-07
5.65201e-07
5.45394e-07
5.31725e-07
5.19419e-07
5.05174e-07
4.88732e-07
4.7426e-07
4.73866e-07
5.29725e-07
9.93162e-07
8.83324e-05
2.39935e-05
2.40425e-05
3.01659e-05
3.6982e-05
4.19439e-05
4.3516e-05
4.1291e-05
3.59251e-05
2.8775e-05
2.13643e-05
1.48887e-05
9.94773e-06
6.56778e-06
4.43343e-06
3.14691e-06
2.38187e-06
1.92026e-06
1.63355e-06
1.43295e-06
1.28193e-06
1.1642e-06
1.05426e-06
9.51335e-07
8.56641e-07
7.71993e-07
6.98902e-07
6.38041e-07
5.89044e-07
5.50566e-07
5.20497e-07
4.96284e-07
4.75346e-07
4.55615e-07
4.36141e-07
4.17797e-07
4.04324e-07
4.05823e-07
4.58803e-07
8.71994e-07
6.78005e-05
1.70421e-05
1.75521e-05
2.3467e-05
3.03776e-05
3.58112e-05
3.80018e-05
3.62932e-05
3.12645e-05
2.4391e-05
1.73749e-05
1.14903e-05
7.2636e-06
4.57479e-06
2.99939e-06
2.11199e-06
1.61327e-06
1.32629e-06
1.15386e-06
1.03613e-06
9.4816e-07
8.79413e-07
8.14627e-07
7.53038e-07
6.9512e-07
6.41782e-07
5.93836e-07
5.51694e-07
5.15241e-07
4.83863e-07
4.56579e-07
4.32251e-07
4.09845e-07
3.88723e-07
3.68955e-07
3.51735e-07
3.40247e-07
3.42783e-07
3.90129e-07
7.45642e-07
5.14757e-05
1.21737e-05
1.23759e-05
1.7407e-05
2.38769e-05
2.95539e-05
3.24364e-05
3.1462e-05
2.69703e-05
2.04967e-05
1.3947e-05
8.69363e-06
5.17448e-06
3.11302e-06
1.99836e-06
1.41098e-06
1.0972e-06
9.26083e-07
8.25751e-07
7.58384e-07
7.08054e-07
6.68374e-07
6.30402e-07
5.93515e-07
5.57838e-07
5.23788e-07
4.91788e-07
4.62097e-07
4.34748e-07
4.09556e-07
3.86195e-07
3.64308e-07
3.43647e-07
3.24217e-07
3.06457e-07
2.91525e-07
2.82027e-07
2.84668e-07
3.24759e-07
6.18711e-07
3.87772e-05
9.13717e-06
8.73047e-06
1.24458e-05
1.79676e-05
2.35664e-05
2.7138e-05
2.70943e-05
2.33152e-05
1.72949e-05
1.11877e-05
6.51712e-06
3.62996e-06
2.0898e-06
1.32542e-06
9.48382e-07
7.56486e-07
6.56073e-07
5.98667e-07
5.60766e-07
5.32297e-07
5.09463e-07
4.8708e-07
4.64681e-07
4.42257e-07
4.19997e-07
3.98134e-07
3.76858e-07
3.56276e-07
3.36424e-07
3.17296e-07
2.98895e-07
2.81307e-07
2.6477e-07
2.49788e-07
2.37343e-07
2.29489e-07
2.31489e-07
2.63417e-07
4.96613e-07
2.88899e-05
7.44337e-06
6.50803e-06
8.84318e-06
1.30808e-05
1.82219e-05
2.23747e-05
2.34357e-05
2.05467e-05
1.49673e-05
9.16892e-06
4.93778e-06
2.54932e-06
1.40339e-06
8.84915e-07
6.45804e-07
5.29952e-07
4.71297e-07
4.38733e-07
4.17606e-07
4.015e-07
3.88209e-07
3.74726e-07
3.60729e-07
3.46175e-07
3.31162e-07
3.15838e-07
3.00357e-07
2.84857e-07
2.69457e-07
2.54276e-07
2.39451e-07
2.25167e-07
2.11705e-07
1.99509e-07
1.89353e-07
1.82794e-07
1.83835e-07
2.07839e-07
3.85748e-07
2.11837e-05
6.53977e-06
5.33669e-06
6.58231e-06
9.53939e-06
1.39482e-05
1.85286e-05
2.08988e-05
1.9142e-05
1.39036e-05
8.08487e-06
3.9842e-06
1.87561e-06
9.75706e-07
6.08208e-07
4.50696e-07
3.78685e-07
3.43494e-07
3.2458e-07
3.12517e-07
3.03097e-07
2.95035e-07
2.86532e-07
2.77367e-07
2.67501e-07
2.56996e-07
2.45961e-07
2.34524e-07
2.22821e-07
2.10988e-07
1.99169e-07
1.87524e-07
1.7624e-07
1.65561e-07
1.55835e-07
1.47636e-07
1.42103e-07
1.42173e-07
1.59163e-07
2.89294e-07
1.50258e-05
5.72654e-06
4.51786e-06
5.10626e-06
7.07574e-06
1.07333e-05
1.57234e-05
1.98952e-05
1.99124e-05
1.49142e-05
8.4096e-06
3.82193e-06
1.61294e-06
7.64803e-07
4.54015e-07
3.31685e-07
2.79162e-07
2.54729e-07
2.42243e-07
2.34588e-07
2.28586e-07
2.23315e-07
2.17585e-07
2.11226e-07
2.04207e-07
1.96572e-07
1.88407e-07
1.79818e-07
1.70924e-07
1.6185e-07
1.52726e-07
1.43691e-07
1.34901e-07
1.26543e-07
1.18871e-07
1.12293e-07
1.07615e-07
1.06926e-07
1.18338e-07
2.10842e-07
7.73569e-06
4.21368e-06
3.21038e-06
3.44284e-06
4.50925e-06
7.06521e-06
1.19308e-05
1.83211e-05
2.16672e-05
1.75192e-05
9.76964e-06
4.16629e-06
1.57768e-06
6.61403e-07
3.58509e-07
2.50183e-07
2.07478e-07
1.89188e-07
1.80587e-07
1.7562e-07
1.71681e-07
1.68089e-07
1.64043e-07
1.59426e-07
1.54224e-07
1.48482e-07
1.42276e-07
1.35699e-07
1.2885e-07
1.21837e-07
1.14765e-07
1.07747e-07
1.00901e-07
9.43619e-08
8.83097e-08
8.30235e-08
7.90534e-08
7.78323e-08
8.49342e-08
1.47453e-07
5.14306e-07
1.0977e-06
1.71247e-06
2.15493e-06
2.48137e-06
3.15828e-06
5.48377e-06
1.1238e-05
1.80235e-05
1.65315e-05
8.75338e-06
3.36464e-06
1.15929e-06
4.69934e-07
2.61159e-07
1.90151e-07
1.63234e-07
1.52064e-07
1.46919e-07
1.43819e-07
1.41029e-07
1.38282e-07
1.35046e-07
1.31261e-07
1.26941e-07
1.22137e-07
1.16924e-07
1.11386e-07
1.05611e-07
9.96936e-08
9.37253e-08
8.78001e-08
8.20162e-08
7.64844e-08
7.13465e-08
6.68218e-08
6.33374e-08
6.20001e-08
6.7105e-08
1.15028e-07
4.83372e-07
7.96874e-07
1.17143e-06
1.62567e-06
2.17881e-06
3.08232e-06
5.08603e-06
9.28045e-06
1.43353e-05
1.28852e-05
6.12448e-06
2.11918e-06
7.19399e-07
3.18099e-07
1.96284e-07
1.53914e-07
1.37134e-07
1.29943e-07
1.26428e-07
1.24016e-07
1.21566e-07
1.19075e-07
1.16125e-07
1.12684e-07
1.08776e-07
1.04453e-07
9.97827e-08
9.48396e-08
8.97021e-08
8.44492e-08
7.916e-08
7.39132e-08
6.87899e-08
6.38799e-08
5.92966e-08
5.52137e-08
5.19692e-08
5.04439e-08
5.40842e-08
9.25465e-08
3.07912e-07
5.66492e-07
9.28119e-07
1.39357e-06
2.05217e-06
3.27953e-06
5.43692e-06
8.73582e-06
1.18029e-05
8.87908e-06
3.44511e-06
1.07146e-06
3.91478e-07
2.0737e-07
1.49321e-07
1.27083e-07
1.17454e-07
1.12845e-07
1.10142e-07
1.07878e-07
1.05401e-07
1.0292e-07
1.00055e-07
9.67874e-08
9.31426e-08
8.9166e-08
8.49147e-08
8.04512e-08
7.58406e-08
7.11486e-08
6.64407e-08
6.1782e-08
5.72396e-08
5.28878e-08
4.8821e-08
4.51841e-08
4.22605e-08
4.07869e-08
4.36335e-08
7.54381e-08
2.11414e-07
3.94777e-07
6.81595e-07
1.14937e-06
2.07009e-06
4.01557e-06
6.55194e-06
8.76179e-06
9.04221e-06
4.49398e-06
1.38028e-06
4.5043e-07
2.16302e-07
1.48243e-07
1.22574e-07
1.10932e-07
1.04891e-07
1.01227e-07
9.84447e-08
9.57772e-08
9.29239e-08
9.02207e-08
8.72518e-08
8.3997e-08
8.04706e-08
7.67053e-08
7.27441e-08
6.86354e-08
6.44305e-08
6.01821e-08
5.59436e-08
5.1769e-08
4.77149e-08
4.38457e-08
4.02439e-08
3.70373e-08
3.44736e-08
3.31869e-08
3.56206e-08
6.27006e-08
1.09546e-07
2.19992e-07
4.60903e-07
1.04194e-06
2.61163e-06
6.08223e-06
8.64006e-06
8.16407e-06
4.18789e-06
1.27142e-06
4.19747e-07
2.11395e-07
1.49493e-07
1.24253e-07
1.11459e-07
1.03861e-07
9.87101e-08
9.47364e-08
9.12386e-08
8.78185e-08
8.43825e-08
8.13196e-08
7.81276e-08
7.47713e-08
7.12479e-08
6.75749e-08
6.37801e-08
5.98985e-08
5.59691e-08
5.20337e-08
4.8136e-08
4.43218e-08
4.06406e-08
3.71502e-08
3.39262e-08
3.10856e-08
2.88525e-08
2.77936e-08
3.00738e-08
5.42132e-08
4.2495e-08
1.05042e-07
3.45393e-07
1.27259e-06
4.49272e-06
1.15611e-05
1.15272e-05
3.62037e-06
9.15347e-07
3.41856e-07
2.04633e-07
1.56739e-07
1.33368e-07
1.19296e-07
1.09687e-07
1.02572e-07
9.69556e-08
9.22296e-08
8.79646e-08
8.3882e-08
7.99665e-08
7.66057e-08
7.32173e-08
6.97496e-08
6.61862e-08
6.25322e-08
5.88055e-08
5.5032e-08
5.12431e-08
4.74738e-08
4.37623e-08
4.01496e-08
3.66815e-08
3.3412e-08
3.04131e-08
2.77954e-08
2.57706e-08
2.48702e-08
2.71202e-08
4.98812e-08
1.56031e-07
4.93842e-07
1.5505e-06
1.12178e-06
8.66235e-07
7.78828e-07
7.60772e-07
7.23734e-07
5.76634e-07
3.5028e-07
1.28239e-07
2.0032e-08
5.07721e-09
4.02722e-09
5.86731e-09
1.0611e-08
1.9891e-08
3.60704e-08
6.54838e-08
1.52869e-07
1.41993e-07
1.41461e-07
1.45608e-07
1.87441e-07
2.15087e-07
2.0467e-07
1.79261e-07
1.48311e-07
1.18238e-07
9.40647e-08
7.65584e-08
5.70392e-08
3.83894e-08
2.26219e-08
1.11711e-08
6.38479e-09
4.37262e-09
3.63438e-09
3.07098e-09
3.04062e-09
9.75438e-09
5.50004e-09
2.03371e-09
1.80016e-09
1.31968e-09
9.27597e-10
6.53646e-10
4.5057e-10
2.99942e-10
1.91891e-10
1.1823e-10
7.06509e-11
4.15901e-11
2.52493e-11
1.60257e-11
8.99497e-12
2.79103e-11
1.54893e-11
8.25848e-12
3.78744e-12
4.9284e-07
5.45188e-07
5.84061e-07
6.25849e-07
6.66464e-07
6.96104e-07
7.09487e-07
7.03161e-07
6.76237e-07
6.29802e-07
5.6655e-07
4.94012e-07
4.19286e-07
3.52486e-07
3.01773e-07
2.6558e-07
2.4479e-07
2.42697e-07
2.53241e-07
2.75219e-07
2.89007e-07
2.52041e-07
1.91773e-07
1.46779e-07
1.08508e-07
7.7192e-08
5.25915e-08
3.39982e-08
2.06392e-08
1.1667e-08
6.10506e-09
2.94754e-09
1.32279e-09
5.70861e-10
2.34875e-10
8.73986e-11
3.61954e-11
1.85349e-11
9.6195e-12
4.63764e-12
1.72392e-06
2.6197e-06
3.08691e-06
3.38972e-06
3.74542e-06
4.16405e-06
4.6e-06
5.01021e-06
5.34959e-06
5.56746e-06
5.60534e-06
5.40263e-06
4.99052e-06
4.4343e-06
3.81096e-06
3.26688e-06
2.87906e-06
2.59293e-06
2.38094e-06
2.14673e-06
1.85794e-06
1.47838e-06
1.14322e-06
8.5421e-07
6.16601e-07
4.26758e-07
2.80804e-07
1.74043e-07
1.0043e-07
5.33188e-08
2.57943e-08
1.12926e-08
4.49868e-09
1.67655e-09
5.71423e-10
1.68365e-10
5.37453e-11
2.42744e-11
1.20591e-11
6.09678e-12
1.12862e-06
1.38949e-06
1.6963e-06
1.96507e-06
2.21132e-06
2.44527e-06
2.65731e-06
2.82134e-06
2.90732e-06
2.8943e-06
2.78126e-06
2.58186e-06
2.31193e-06
2.00723e-06
1.71344e-06
1.46842e-06
1.28709e-06
1.16672e-06
1.07976e-06
9.82373e-07
8.62572e-07
6.95417e-07
5.49783e-07
4.23296e-07
3.1977e-07
2.35598e-07
1.68003e-07
1.14882e-07
7.43491e-08
4.48496e-08
2.4834e-08
1.24101e-08
5.58337e-09
2.31453e-09
8.46452e-10
2.61362e-10
7.89893e-11
3.23209e-11
1.52664e-11
7.85282e-12
8.04417e-07
8.3282e-07
9.37481e-07
1.07163e-06
1.20565e-06
1.32392e-06
1.41732e-06
1.47602e-06
1.49014e-06
1.4545e-06
1.3728e-06
1.26082e-06
1.1294e-06
9.91893e-07
8.63095e-07
7.52935e-07
6.66973e-07
6.05659e-07
5.63498e-07
5.14699e-07
4.48464e-07
3.67279e-07
2.94281e-07
2.31349e-07
1.80641e-07
1.39992e-07
1.07011e-07
7.98701e-08
5.7295e-08
3.87145e-08
2.41399e-08
1.36179e-08
6.85601e-09
3.06167e-09
1.17699e-09
3.78367e-10
1.12715e-10
4.26422e-11
1.91223e-11
9.81931e-12
6.5353e-07
5.80032e-07
5.67298e-07
5.957e-07
6.40857e-07
6.82336e-07
7.07619e-07
7.10687e-07
6.90338e-07
6.49671e-07
5.95923e-07
5.38281e-07
4.8376e-07
4.34419e-07
3.91541e-07
3.54862e-07
3.24141e-07
2.98648e-07
2.76119e-07
2.5453e-07
2.23101e-07
1.85935e-07
1.51866e-07
1.22849e-07
9.95441e-08
8.10668e-08
6.61394e-08
5.35464e-08
4.22439e-08
3.16232e-08
2.1962e-08
1.38519e-08
7.76668e-09
3.80951e-09
1.58549e-09
5.27162e-10
1.56063e-10
5.53944e-11
2.36007e-11
1.19615e-11
5.899e-07
4.63119e-07
3.89628e-07
3.56535e-07
3.46578e-07
3.42744e-07
3.32923e-07
3.11605e-07
2.79143e-07
2.38616e-07
1.97817e-07
1.65232e-07
1.42857e-07
1.29985e-07
1.23098e-07
1.19508e-07
1.16792e-07
1.12932e-07
1.06055e-07
9.83463e-08
8.92113e-08
7.89326e-08
6.91795e-08
6.03076e-08
5.24134e-08
4.55252e-08
3.95909e-08
3.4378e-08
2.92613e-08
2.40459e-08
1.85264e-08
1.29754e-08
8.05408e-09
4.34256e-09
1.98043e-09
7.10992e-10
2.10545e-10
7.08683e-11
2.87226e-11
1.42646e-11
5.34577e-07
3.91434e-07
2.97325e-07
2.39541e-07
2.04783e-07
1.80812e-07
1.58758e-07
1.34566e-07
1.08252e-07
8.44921e-08
6.63961e-08
5.31472e-08
4.38861e-08
3.85504e-08
3.75594e-08
3.89794e-08
4.11139e-08
4.24698e-08
4.20543e-08
4.05418e-08
4.08951e-08
4.14514e-08
4.0612e-08
3.81026e-08
3.45294e-08
3.06232e-08
2.69291e-08
2.36587e-08
2.09129e-08
1.82433e-08
1.51638e-08
1.15693e-08
7.84593e-09
4.61217e-09
2.28896e-09
9.03092e-10
2.78132e-10
8.94803e-11
3.45334e-11
1.67229e-11
4.17734e-07
3.02455e-07
2.24039e-07
1.71561e-07
1.36078e-07
1.10415e-07
8.96341e-08
7.15992e-08
5.66345e-08
4.58283e-08
3.85746e-08
3.43616e-08
3.273e-08
3.33066e-08
3.56982e-08
3.89097e-08
4.19441e-08
4.44825e-08
4.67387e-08
4.91638e-08
4.99818e-08
4.80161e-08
4.35665e-08
3.79858e-08
3.23924e-08
2.73271e-08
2.29979e-08
1.94475e-08
1.67774e-08
1.46666e-08
1.25934e-08
1.0159e-08
7.37913e-09
4.66758e-09
2.49607e-09
1.07157e-09
3.57861e-10
1.11784e-10
4.10919e-11
1.93369e-11
2.47716e-07
1.83942e-07
1.41016e-07
1.10499e-07
8.79377e-08
7.06951e-08
5.716e-08
4.68646e-08
3.97866e-08
3.55104e-08
3.3365e-08
3.26287e-08
3.27607e-08
3.34675e-08
3.50375e-08
3.78463e-08
4.14873e-08
4.50939e-08
4.77854e-08
4.92398e-08
4.84334e-08
4.51213e-08
4.00762e-08
3.45209e-08
2.92794e-08
2.46509e-08
2.06819e-08
1.72872e-08
1.45926e-08
1.25448e-08
1.08126e-08
8.97596e-09
6.83743e-09
4.58322e-09
2.61068e-09
1.20527e-09
4.37028e-10
1.3856e-10
4.84648e-11
2.21141e-11
8.34529e-08
5.51974e-08
4.9223e-08
4.69543e-08
4.26698e-08
3.70626e-08
3.20693e-08
2.85444e-08
2.64165e-08
2.45579e-08
2.25132e-08
2.04907e-08
1.8963e-08
1.82485e-08
1.84475e-08
1.98247e-08
2.26641e-08
2.65901e-08
3.0445e-08
3.28419e-08
3.35114e-08
3.22091e-08
2.94523e-08
2.61444e-08
2.29164e-08
1.999e-08
1.73823e-08
1.50211e-08
1.28684e-08
1.10673e-08
9.54509e-09
8.03737e-09
6.31602e-09
4.42309e-09
2.65268e-09
1.30188e-09
5.07321e-10
1.68599e-10
5.67192e-11
2.50709e-11
1.61589e-08
1.05446e-08
9.57848e-09
1.02598e-08
1.20084e-08
1.34539e-08
1.41678e-08
1.35439e-08
1.24319e-08
1.12161e-08
1.00399e-08
9.06632e-09
8.43559e-09
8.24157e-09
8.49264e-09
9.23879e-09
1.07017e-08
1.30264e-08
1.59023e-08
1.8409e-08
1.99142e-08
2.00651e-08
1.91172e-08
1.76711e-08
1.61832e-08
1.48164e-08
1.35642e-08
1.2424e-08
1.11206e-08
9.79803e-09
8.54535e-09
7.28001e-09
5.84524e-09
4.229e-09
2.64281e-09
1.36445e-09
5.6537e-10
1.98029e-10
6.59531e-11
2.82359e-11
4.53784e-09
3.4879e-09
3.06835e-09
3.08528e-09
3.43228e-09
3.97996e-09
4.45672e-09
4.69448e-09
4.67229e-09
4.43991e-09
4.11736e-09
3.83523e-09
3.67906e-09
3.70619e-09
3.93226e-09
4.35842e-09
5.08948e-09
6.28467e-09
7.95881e-09
9.72761e-09
1.10987e-08
1.17206e-08
1.16541e-08
1.12445e-08
1.07911e-08
1.04073e-08
1.00743e-08
9.82042e-09
9.35516e-09
8.59547e-09
7.67546e-09
6.6386e-09
5.42418e-09
4.02343e-09
2.59784e-09
1.39824e-09
6.10101e-10
2.24232e-10
7.55861e-11
3.16539e-11
3.54412e-09
2.47016e-09
1.89116e-09
1.62805e-09
1.56515e-09
1.63129e-09
1.75399e-09
1.87251e-09
1.93594e-09
1.92567e-09
1.87053e-09
1.81944e-09
1.81188e-09
1.87672e-09
2.02708e-09
2.26633e-09
2.635e-09
3.22873e-09
4.12347e-09
5.1826e-09
6.14763e-09
6.75684e-09
6.99248e-09
7.03496e-09
7.06716e-09
7.16756e-09
7.32066e-09
7.54762e-09
7.70773e-09
7.45727e-09
6.8803e-09
6.07002e-09
5.04264e-09
3.81662e-09
2.52964e-09
1.40878e-09
6.41874e-10
2.46185e-10
8.47424e-11
3.52162e-11
4.97855e-09
2.85911e-09
1.80904e-09
1.31379e-09
1.07946e-09
9.90412e-10
9.76844e-10
9.95877e-10
1.01854e-09
1.02964e-09
1.03137e-09
1.03731e-09
1.0625e-09
1.12006e-09
1.21832e-09
1.36178e-09
1.56742e-09
1.87763e-09
2.34118e-09
2.93477e-09
3.55574e-09
4.02336e-09
4.30673e-09
4.49735e-09
4.70367e-09
4.98248e-09
5.33137e-09
5.76991e-09
6.28075e-09
6.41781e-09
6.14753e-09
5.55191e-09
4.69096e-09
3.61244e-09
2.44601e-09
1.40092e-09
6.61786e-10
2.63411e-10
9.28772e-11
3.85271e-11
8.81835e-09
4.31659e-09
2.2359e-09
1.37452e-09
9.72183e-10
7.87319e-10
7.0745e-10
6.78466e-10
6.72691e-10
6.76362e-10
6.85209e-10
7.01312e-10
7.29575e-10
7.75577e-10
8.43922e-10
9.38126e-10
1.06638e-09
1.24787e-09
1.50786e-09
1.84774e-09
2.22798e-09
2.55999e-09
2.81113e-09
3.0244e-09
3.2636e-09
3.5719e-09
3.9615e-09
4.45116e-09
5.10224e-09
5.50276e-09
5.47979e-09
5.07494e-09
4.36263e-09
3.41214e-09
2.35194e-09
1.37861e-09
6.7121e-10
2.75821e-10
9.96149e-11
4.1341e-11
1.63513e-08
7.34844e-09
3.17533e-09
1.66612e-09
1.02379e-09
7.36362e-10
6.04203e-10
5.44503e-10
5.20585e-10
5.15532e-10
5.21927e-10
5.37536e-10
5.62961e-10
6.00197e-10
6.51572e-10
7.19417e-10
8.08128e-10
9.27068e-10
1.0892e-09
1.29908e-09
1.54136e-09
1.77521e-09
1.97915e-09
2.17238e-09
2.39283e-09
2.67325e-09
3.03686e-09
3.49852e-09
4.14792e-09
4.71835e-09
4.88084e-09
4.6361e-09
4.05415e-09
3.21611e-09
2.25065e-09
1.34492e-09
6.7154e-10
2.83569e-10
1.04729e-10
4.35011e-11
2.84865e-08
1.25805e-08
4.74686e-09
2.17057e-09
1.17597e-09
7.57867e-10
5.70304e-10
4.83696e-10
4.45523e-10
4.32908e-10
4.35425e-10
4.4848e-10
4.70537e-10
5.01737e-10
5.43049e-10
5.95883e-10
6.62776e-10
7.48685e-10
8.60612e-10
1.0024e-09
1.16812e-09
1.33899e-09
1.50292e-09
1.66907e-09
1.86064e-09
2.10176e-09
2.41398e-09
2.81751e-09
3.40719e-09
4.05612e-09
4.35048e-09
4.23453e-09
3.76407e-09
3.02476e-09
2.14442e-09
1.30221e-09
6.64054e-10
2.86943e-10
1.08113e-10
4.49122e-11
4.35116e-08
1.97573e-08
6.89603e-09
2.84776e-09
1.39791e-09
8.21013e-10
5.71388e-10
4.57589e-10
4.06296e-10
3.86873e-10
3.8555e-10
3.95894e-10
4.15038e-10
4.42036e-10
4.77008e-10
5.20706e-10
5.74648e-10
6.41665e-10
7.25804e-10
8.2994e-10
9.5201e-10
1.08336e-09
1.2176e-09
1.35972e-09
1.52454e-09
1.72985e-09
1.99429e-09
2.33836e-09
2.83804e-09
3.49551e-09
3.88283e-09
3.86923e-09
3.49226e-09
2.83882e-09
2.03499e-09
1.25233e-09
6.4984e-10
2.8628e-10
1.09745e-10
4.55281e-11
5.33967e-08
2.65718e-08
8.99749e-09
3.50853e-09
1.6303e-09
9.00681e-10
5.8996e-10
4.49537e-10
3.85767e-10
3.60032e-10
3.55139e-10
3.62986e-10
3.79712e-10
4.03652e-10
4.34356e-10
4.72113e-10
5.17829e-10
5.73224e-10
6.40814e-10
7.22753e-10
8.18671e-10
9.24648e-10
1.03749e-09
1.16031e-09
1.30304e-09
1.47906e-09
1.70402e-09
1.99756e-09
2.41654e-09
3.0117e-09
3.46467e-09
3.53723e-09
3.23953e-09
2.65975e-09
1.92388e-09
1.19655e-09
6.29688e-10
2.81887e-10
1.09657e-10
4.53427e-11
3.94442e-08
2.04242e-08
7.90364e-09
3.37103e-09
1.63471e-09
9.09518e-10
5.88237e-10
4.40143e-10
3.72123e-10
3.44123e-10
3.37849e-10
3.44543e-10
3.5994e-10
3.82065e-10
4.10202e-10
4.4438e-10
4.85175e-10
5.33759e-10
5.91871e-10
6.61143e-10
7.41734e-10
8.31722e-10
9.29588e-10
1.03783e-09
1.16385e-09
1.31825e-09
1.51458e-09
1.7718e-09
2.13507e-09
2.6574e-09
3.12012e-09
3.25434e-09
3.01385e-09
2.48642e-09
1.80495e-09
1.12851e-09
5.99465e-10
2.71891e-10
1.07252e-10
4.45203e-11
2.55168e-08
1.32483e-08
6.00984e-09
2.87464e-09
1.48851e-09
8.58159e-10
5.64356e-10
4.25036e-10
3.60204e-10
3.33483e-10
3.27653e-10
3.34278e-10
3.49171e-10
3.70333e-10
3.96959e-10
4.28948e-10
4.66691e-10
5.1104e-10
5.63271e-10
6.24629e-10
6.95436e-10
7.74748e-10
8.61973e-10
9.59313e-10
1.07264e-09
1.21067e-09
1.38528e-09
1.61424e-09
1.93393e-09
2.38773e-09
2.82711e-09
2.99655e-09
2.80671e-09
2.32325e-09
1.68833e-09
1.05838e-09
5.66055e-10
2.59498e-10
1.03577e-10
4.29703e-11
1.84929e-08
8.82846e-09
4.61883e-09
2.45572e-09
1.35456e-09
8.10473e-10
5.43437e-10
4.13003e-10
3.51436e-10
3.26009e-10
3.20612e-10
3.27164e-10
3.41593e-10
3.61907e-10
3.87252e-10
4.17436e-10
4.52708e-10
4.93696e-10
5.41357e-10
5.9667e-10
6.6003e-10
7.31046e-10
8.09622e-10
8.97678e-10
9.99959e-10
1.12376e-09
1.27957e-09
1.48359e-09
1.76533e-09
2.15867e-09
2.564e-09
2.75368e-09
2.6096e-09
2.17231e-09
1.57848e-09
9.90317e-10
5.32259e-10
2.46083e-10
9.90975e-11
4.08512e-11
1.41824e-08
6.31462e-09
3.67028e-09
2.12115e-09
1.2375e-09
7.67503e-10
5.25312e-10
4.03498e-10
3.45134e-10
3.20946e-10
3.15932e-10
3.22383e-10
3.36357e-10
3.5589e-10
3.80103e-10
4.08735e-10
4.4193e-10
4.80147e-10
5.24112e-10
5.74601e-10
6.3202e-10
6.96273e-10
7.67513e-10
8.47393e-10
9.39811e-10
1.05097e-09
1.19017e-09
1.37192e-09
1.6203e-09
1.96129e-09
2.32801e-09
2.52558e-09
2.42044e-09
2.02936e-09
1.47721e-09
9.25437e-10
4.98674e-10
2.31966e-10
9.39868e-11
3.82846e-11
1.13779e-08
4.84084e-09
3.02005e-09
1.8591e-09
1.13815e-09
7.29804e-10
5.09877e-10
3.96134e-10
3.40803e-10
3.17756e-10
3.13053e-10
3.19359e-10
3.32866e-10
3.51654e-10
3.74827e-10
4.02078e-10
4.33462e-10
4.69306e-10
5.1016e-10
5.56631e-10
6.0909e-10
6.67582e-10
7.32361e-10
8.04835e-10
8.88252e-10
9.8796e-10
1.11222e-09
1.27391e-09
1.49277e-09
1.78865e-09
2.11619e-09
2.31223e-09
2.23917e-09
1.89197e-09
1.38301e-09
8.65234e-10
4.65944e-10
2.17458e-10
8.84107e-11
3.53914e-11
9.45934e-09
3.92236e-09
2.562e-09
1.65465e-09
1.05532e-09
6.97433e-10
4.9699e-10
3.90606e-10
3.38067e-10
3.16035e-10
3.11561e-10
3.17668e-10
3.30688e-10
3.48743e-10
3.70936e-10
3.96917e-10
4.2667e-10
4.60414e-10
4.98551e-10
5.41542e-10
5.89693e-10
6.43094e-10
7.02012e-10
7.67639e-10
8.42714e-10
9.319e-10
1.04256e-09
1.18605e-09
1.37866e-09
1.63545e-09
1.92562e-09
2.11351e-09
2.06596e-09
1.75989e-09
1.29303e-09
8.10598e-10
4.34804e-10
2.02858e-10
8.25263e-11
3.22942e-11
8.08931e-09
3.31225e-09
2.2299e-09
1.49479e-09
9.87008e-10
6.70116e-10
4.86459e-10
3.86649e-10
3.36624e-10
3.1547e-10
3.11138e-10
3.16994e-10
3.29499e-10
3.46825e-10
3.68073e-10
3.92859e-10
4.21105e-10
4.52936e-10
4.88627e-10
5.28506e-10
5.72795e-10
6.2157e-10
6.75069e-10
7.34289e-10
8.01565e-10
8.81002e-10
9.79175e-10
1.10609e-09
1.2753e-09
1.49842e-09
1.75362e-09
1.92911e-09
1.90112e-09
1.63304e-09
1.20696e-09
7.59641e-10
4.06186e-10
1.88456e-10
7.6481e-11
2.91175e-11
7.07747e-09
2.88514e-09
1.9831e-09
1.36923e-09
9.31052e-10
6.4739e-10
4.78043e-10
3.84019e-10
3.3622e-10
3.15804e-10
3.11534e-10
3.17087e-10
3.29053e-10
3.45648e-10
3.65973e-10
3.89617e-10
4.16445e-10
4.46498e-10
4.79937e-10
5.16967e-10
5.57717e-10
6.02218e-10
6.50651e-10
7.03845e-10
7.63811e-10
8.34188e-10
9.20861e-10
1.03264e-09
1.18092e-09
1.37478e-09
1.59787e-09
1.75858e-09
1.74496e-09
1.51148e-09
1.12459e-09
7.11175e-10
3.80352e-10
1.7454e-10
7.04118e-11
2.59863e-11
6.31037e-09
2.57399e-09
1.79602e-09
1.27008e-09
8.85408e-10
6.28702e-10
4.71476e-10
3.82488e-10
3.36631e-10
3.16823e-10
3.12542e-10
3.17752e-10
3.29158e-10
3.45019e-10
3.64441e-10
3.86985e-10
4.12464e-10
4.40842e-10
4.72178e-10
5.06562e-10
5.44028e-10
5.84545e-10
6.28229e-10
6.75762e-10
7.2889e-10
7.90854e-10
8.66927e-10
9.64866e-10
1.09432e-09
1.2625e-09
1.45649e-09
1.60135e-09
1.5978e-09
1.39538e-09
1.04581e-09
6.64999e-10
3.56559e-10
1.61429e-10
6.44455e-11
2.30232e-11
5.7167e-09
2.34049e-09
1.65193e-09
1.19136e-09
8.48277e-10
6.13486e-10
4.66483e-10
3.81843e-10
3.37663e-10
3.18344e-10
3.13991e-10
3.18825e-10
3.29658e-10
3.4479e-10
3.63329e-10
3.84812e-10
4.09003e-10
4.35796e-10
4.65155e-10
4.97067e-10
5.31473e-10
5.68274e-10
6.07517e-10
6.49763e-10
6.96528e-10
7.50711e-10
8.1703e-10
9.02316e-10
1.01479e-09
1.16021e-09
1.32805e-09
1.45689e-09
1.45991e-09
1.28499e-09
9.70604e-10
6.20991e-10
3.34113e-10
1.49527e-10
5.86988e-11
2.03446e-11
5.2497e-09
2.16139e-09
1.53959e-09
1.12859e-09
8.18137e-10
6.01206e-10
4.62796e-10
3.81884e-10
3.39139e-10
3.20206e-10
3.15734e-10
3.20172e-10
3.3043e-10
3.44845e-10
3.62527e-10
3.8299e-10
4.05955e-10
4.31249e-10
4.58754e-10
4.88358e-10
5.19918e-10
5.53268e-10
5.88391e-10
6.25739e-10
6.66636e-10
7.13668e-10
7.7105e-10
8.44789e-10
9.41911e-10
1.06706e-09
1.21149e-09
1.32474e-09
1.33159e-09
1.18066e-09
8.9905e-10
5.79106e-10
3.12757e-10
1.38829e-10
5.32751e-11
1.80548e-11
4.87766e-09
2.02181e-09
1.45123e-09
1.07838e-09
7.93733e-10
5.91376e-10
4.60166e-10
3.82431e-10
3.40904e-10
3.22269e-10
3.17643e-10
3.21678e-10
3.3137e-10
3.45091e-10
3.61952e-10
3.81445e-10
4.03252e-10
4.27139e-10
4.52913e-10
4.80379e-10
5.09312e-10
5.39488e-10
5.70829e-10
6.03692e-10
6.39234e-10
6.79755e-10
7.29006e-10
7.92259e-10
8.75534e-10
9.82612e-10
1.10615e-09
1.20458e-09
1.21315e-09
1.08284e-09
8.3138e-10
5.39397e-10
2.92512e-10
1.29141e-10
4.82738e-11
1.62398e-11
4.57847e-09
1.91188e-09
1.38134e-09
1.03819e-09
7.74046e-10
5.83576e-10
4.58369e-10
3.8332e-10
3.42818e-10
3.24409e-10
3.19609e-10
3.23246e-10
3.32395e-10
3.45455e-10
3.61541e-10
3.80126e-10
4.00852e-10
4.23436e-10
4.47615e-10
4.7312e-10
4.99659e-10
5.26953e-10
5.54871e-10
5.83689e-10
6.14408e-10
6.49072e-10
6.91003e-10
7.44818e-10
8.15684e-10
9.06707e-10
1.01171e-09
1.09633e-09
1.10503e-09
9.92155e-10
7.67983e-10
5.02042e-10
2.73471e-10
1.20344e-10
4.38005e-11
1.49632e-11
4.33647e-09
1.82485e-09
1.32601e-09
1.0061e-09
7.58258e-10
5.77446e-10
4.57207e-10
3.84408e-10
3.4476e-10
3.26519e-10
3.21537e-10
3.24794e-10
3.33432e-10
3.45879e-10
3.61249e-10
3.78997e-10
3.98735e-10
4.20131e-10
4.42865e-10
4.66603e-10
4.90997e-10
5.1572e-10
5.40596e-10
5.65826e-10
5.92277e-10
6.21755e-10
6.57194e-10
7.02632e-10
7.62514e-10
8.39416e-10
9.28112e-10
1.0001e-09
1.00779e-09
9.09368e-10
7.09434e-10
4.67353e-10
2.55801e-10
1.1238e-10
3.99708e-11
1.42653e-11
4.14034e-09
1.75601e-09
1.28238e-09
9.80658e-10
7.45723e-10
5.72688e-10
4.56512e-10
3.85571e-10
3.46624e-10
3.28505e-10
3.23343e-10
3.2625e-10
3.34424e-10
3.46316e-10
3.61041e-10
3.7804e-10
3.96895e-10
4.17234e-10
4.38688e-10
4.60871e-10
4.83385e-10
5.05865e-10
5.28095e-10
5.50214e-10
5.72969e-10
5.97951e-10
6.27752e-10
6.65908e-10
7.16257e-10
7.80952e-10
8.5553e-10
9.16198e-10
9.2213e-10
8.35409e-10
6.56493e-10
4.35784e-10
2.39737e-10
1.05257e-10
3.68679e-11
1.41666e-11
3.98197e-09
1.70204e-09
1.24841e-09
9.60786e-10
7.35935e-10
5.6906e-10
4.56141e-10
3.86701e-10
3.48318e-10
3.30285e-10
3.24958e-10
3.27554e-10
3.35322e-10
3.4673e-10
3.60895e-10
3.77244e-10
3.95335e-10
4.14764e-10
4.35119e-10
4.55973e-10
4.76889e-10
4.97469e-10
5.17466e-10
5.36966e-10
5.5661e-10
5.77807e-10
6.02854e-10
6.34864e-10
6.77178e-10
7.31605e-10
7.94258e-10
8.45091e-10
8.48862e-10
7.7132e-10
6.10063e-10
4.07907e-10
2.25574e-10
9.9094e-11
3.44561e-11
1.4673e-11
3.85569e-09
1.66064e-09
1.22259e-09
9.45673e-10
7.28503e-10
5.66366e-10
4.55977e-10
3.8771e-10
3.49765e-10
3.31791e-10
3.26322e-10
3.28658e-10
3.36087e-10
3.47092e-10
3.60792e-10
3.76604e-10
3.94064e-10
4.12743e-10
4.32196e-10
4.51963e-10
4.71577e-10
4.90616e-10
5.08805e-10
5.26189e-10
5.43322e-10
5.61462e-10
5.82665e-10
6.09708e-10
6.45534e-10
6.91677e-10
7.44642e-10
7.87278e-10
7.88802e-10
7.1817e-10
5.71121e-10
3.84365e-10
2.13638e-10
9.40047e-11
3.27126e-11
1.57852e-11
3.75839e-09
1.63019e-09
1.20387e-09
9.34747e-10
7.23144e-10
5.6446e-10
4.55927e-10
3.88525e-10
3.50903e-10
3.32969e-10
3.27387e-10
3.2952e-10
3.36686e-10
3.47381e-10
3.60723e-10
3.76119e-10
3.93095e-10
4.11197e-10
4.29959e-10
4.48896e-10
4.67517e-10
4.85383e-10
5.02202e-10
5.17983e-10
5.33216e-10
5.49043e-10
5.67338e-10
5.90626e-10
6.21553e-10
6.61438e-10
7.07009e-10
7.43239e-10
7.42711e-10
6.76962e-10
5.40622e-10
3.6581e-10
2.04254e-10
9.00866e-11
3.16053e-11
1.74985e-11
3.69161e-09
1.61011e-09
1.19177e-09
9.27736e-10
7.19724e-10
5.6327e-10
4.55942e-10
3.89104e-10
3.51691e-10
3.33778e-10
3.28118e-10
3.30112e-10
3.371e-10
3.47584e-10
3.60682e-10
3.75797e-10
3.92444e-10
4.10155e-10
4.28449e-10
4.46824e-10
4.64775e-10
4.81852e-10
4.97747e-10
5.1245e-10
5.26405e-10
5.40676e-10
5.57017e-10
5.77783e-10
6.05425e-10
6.41107e-10
6.81635e-10
7.1339e-10
7.11239e-10
6.48563e-10
5.19419e-10
3.5284e-10
1.97717e-10
8.74079e-11
3.10558e-11
1.97007e-11
3.66893e-09
1.60237e-09
1.18728e-09
9.25172e-10
7.1847e-10
5.62827e-10
4.55943e-10
3.89314e-10
3.51981e-10
3.34079e-10
3.28391e-10
3.30336e-10
3.37258e-10
3.47665e-10
3.60672e-10
3.75683e-10
3.92207e-10
4.09772e-10
4.2789e-10
4.46052e-10
4.63749e-10
4.80525e-10
4.96069e-10
5.10359e-10
5.23826e-10
5.37503e-10
5.53098e-10
5.72905e-10
5.99301e-10
6.33385e-10
6.71931e-10
7.01852e-10
6.9893e-10
6.37313e-10
5.10916e-10
3.47579e-10
1.9505e-10
8.63145e-11
3.0915e-11
1.78601e-11
3.66004e-09
1.59985e-09
1.18584e-09
9.24351e-10
7.1807e-10
5.62687e-10
4.55945e-10
3.89383e-10
3.52075e-10
3.34176e-10
3.28479e-10
3.30408e-10
3.37309e-10
3.4769e-10
3.60668e-10
3.75644e-10
3.92127e-10
4.09644e-10
4.27703e-10
4.45795e-10
4.63407e-10
4.80083e-10
4.9551e-10
5.09662e-10
5.22964e-10
5.36441e-10
5.51785e-10
5.71267e-10
5.97242e-10
6.30784e-10
6.68648e-10
6.97926e-10
6.9472e-10
6.33452e-10
5.07992e-10
3.45772e-10
1.9414e-10
8.59466e-11
3.08825e-11
1.71665e-11
)
;

boundaryField
{
    inlet
    {
        type            turbulentMixingLengthDissipationRateInlet;
        mixingLength    0.0385272;
        phi             phi;
        k               k;
        value           uniform 2.27264e-08;
    }
    outlet
    {
        type            zeroGradient;
    }
    hopper_outlet
    {
        type            zeroGradient;
    }
    Wall
    {
        type            epsilonWallFunction;
        blending        stepwise;
        value           nonuniform List<scalar> 
129
(
2.02107e-05
2.76961e-05
3.69404e-05
4.4495e-05
5.07596e-05
5.56305e-05
5.94031e-05
6.23774e-05
6.47627e-05
6.66514e-05
6.80563e-05
6.89447e-05
7.25547e-05
7.77914e-05
8.31882e-05
8.89863e-05
9.53815e-05
0.000102535
0.00011055
0.000119489
0.000129375
0.00014019
0.000151881
0.000164357
0.00017749
0.000191099
0.000204903
0.000218468
0.000231185
0.000242307
0.000250875
0.000255261
0.000243444
0.000229467
0.000212865
0.00019165
0.000166791
0.00013972
0.0001128
8.83324e-05
6.78005e-05
5.14757e-05
3.87772e-05
2.88899e-05
2.11837e-05
1.50258e-05
7.73569e-06
5.65043e-07
1.13446e-06
9.20364e-07
1.10981e-06
1.13195e-06
1.08922e-06
9.93162e-07
8.71994e-07
7.45642e-07
6.18711e-07
4.96613e-07
3.85748e-07
2.89294e-07
2.10842e-07
1.47453e-07
1.15028e-07
9.25465e-08
7.54381e-08
6.27006e-08
5.42132e-08
4.98812e-08
1.52869e-07
3.94442e-08
2.55168e-08
1.84929e-08
1.41824e-08
1.13779e-08
9.45934e-09
8.08931e-09
7.07747e-09
6.31037e-09
5.7167e-09
5.2497e-09
4.87766e-09
4.57847e-09
4.33647e-09
4.14034e-09
3.98197e-09
3.85569e-09
3.75839e-09
3.69161e-09
3.66893e-09
3.66004e-09
3.78744e-12
4.63764e-12
6.09678e-12
7.85282e-12
9.81931e-12
1.19615e-11
1.42646e-11
1.67229e-11
1.93369e-11
2.21141e-11
2.50709e-11
2.82359e-11
3.16539e-11
3.52162e-11
3.85271e-11
4.1341e-11
4.35011e-11
4.49122e-11
4.55281e-11
4.53427e-11
4.45203e-11
4.29703e-11
4.08512e-11
3.82846e-11
3.53914e-11
3.22942e-11
2.91175e-11
2.59863e-11
2.30232e-11
2.03446e-11
1.80548e-11
1.62398e-11
1.49632e-11
1.42653e-11
1.41666e-11
1.4673e-11
1.57852e-11
1.74985e-11
1.97007e-11
)
;
    }
    bottom
    {
        type            slip;
    }
    top
    {
        type            symmetryPlane;
    }
    front
    {
        type            wedge;
    }
    back
    {
        type            wedge;
    }
}


// ************************************************************************* //
