/*--------------------------------*- C++ -*----------------------------------*\
| =========                 |                                                 |
| \\      /  F ield         | OpenFOAM: The Open Source CFD Toolbox           |
|  \\    /   O peration     | Version:  2312                                  |
|   \\  /    A nd           | Website:  www.openfoam.com                      |
|    \\/     M anipulation  |                                                 |
\*---------------------------------------------------------------------------*/
FoamFile
{
    version     2.0;
    format      ascii;
    arch        "LSB;label=32;scalar=64";
    class       volScalarField;
    location    "13117.4";
    object      k;
}
// * * * * * * * * * * * * * * * * * * * * * * * * * * * * * * * * * * * * * //

dimensions      [0 2 -2 0 0 0 0];

internalField   nonuniform List<scalar> 
3780
(
6.40159e-05
0.000119402
0.000159614
0.000187731
0.000206853
0.000218958
0.00022575
0.00022919
0.000231952
0.000237641
0.000250126
0.000270174
0.000295125
0.000319154
0.000334717
0.000334198
0.000315551
0.000282164
0.000240071
0.000196867
0.000162005
0.000138597
0.000121681
0.000110234
0.000102914
9.85021e-05
9.61099e-05
9.51991e-05
9.54791e-05
9.67598e-05
9.88276e-05
0.00010147
0.000104554
0.000107949
0.000111493
0.000115099
0.000118694
0.000122178
0.000125147
0.000126236
8.20115e-05
0.000151586
0.000201626
0.000237466
0.00026292
0.000279668
0.000288853
0.000291849
0.000290912
0.000289748
0.000292813
0.000301739
0.000315314
0.000328953
0.000335586
0.000327852
0.000303892
0.000266855
0.000222903
0.000179652
0.000146114
0.000124525
0.000109567
9.98749e-05
9.40093e-05
9.07831e-05
8.93652e-05
8.92422e-05
9.00875e-05
9.16546e-05
9.37161e-05
9.60172e-05
9.83464e-05
0.000100506
0.000102324
0.000103802
0.000104787
0.000105147
0.000104677
0.00010307
0.000103215
0.000191833
0.000255999
0.000303195
0.000338232
0.000362818
0.000377691
0.000383446
0.000381178
0.00037317
0.000363824
0.000356076
0.000351388
0.000348256
0.000342059
0.000326192
0.000297496
0.000257785
0.000212408
0.000168674
0.000135587
0.000114667
0.000100554
9.18333e-05
8.70463e-05
8.49984e-05
8.48445e-05
8.60321e-05
8.81864e-05
9.09571e-05
9.38563e-05
9.65096e-05
9.86054e-05
9.9887e-05
0.000100213
9.96035e-05
9.82278e-05
9.64627e-05
9.47684e-05
9.32185e-05
0.000121395
0.000224341
0.000301709
0.000360348
0.000405825
0.000439896
0.000462953
0.000474906
0.000475741
0.000466155
0.000448555
0.000426868
0.000404109
0.000381998
0.000359681
0.000333687
0.000299183
0.00025646
0.000209553
0.000165052
0.000132308
0.00011194
9.86656e-05
9.1101e-05
8.7781e-05
8.744e-05
8.91098e-05
9.20765e-05
9.57827e-05
9.96046e-05
0.000103045
0.000105728
0.000107326
0.000107563
0.000106293
0.000103608
9.98979e-05
9.59239e-05
9.2551e-05
9.0196e-05
0.000137731
0.000251613
0.000340531
0.000409584
0.000464913
0.00050837
0.000540171
0.000559796
0.000566452
0.000559512
0.000539149
0.00050896
0.000472187
0.000432449
0.000392424
0.000352557
0.000310898
0.000264483
0.000215373
0.000169825
0.000137335
0.000117358
0.000104689
9.79484e-05
9.56215e-05
9.63441e-05
9.90047e-05
0.000102728
0.000106812
0.000110629
0.000113786
0.000115971
0.000116882
0.000116224
0.000113775
0.000109525
0.000103822
9.7638e-05
9.22154e-05
8.84682e-05
0.000152179
0.000273047
0.000370982
0.000448303
0.000511589
0.000562857
0.000602316
0.00062929
0.000642603
0.000640851
0.000622723
0.000590219
0.000545878
0.000493596
0.000438006
0.000383069
0.000330574
0.000279824
0.000229226
0.000182176
0.000149737
0.000129774
0.000117073
0.00011024
0.000107717
0.00010808
0.000110171
0.000113091
0.000116149
0.00011887
0.000120987
0.000122272
0.000122456
0.000121209
0.000118184
0.000113151
0.000106213
9.82617e-05
9.0767e-05
8.52934e-05
0.000165288
0.000290081
0.000394444
0.000477566
0.000546384
0.000603121
0.000648103
0.000680727
0.000699821
0.000703844
0.000691102
0.000660417
0.000614034
0.000555166
0.000488774
0.000420812
0.00035651
0.000298521
0.000246601
0.000199811
0.000167298
0.000146958
0.000133443
0.000125377
0.000121248
0.000119692
0.000119623
0.000120257
0.000121055
0.000121743
0.000122194
0.00012227
0.000121746
0.000120261
0.000117327
0.00011243
0.000105257
9.6361e-05
8.71164e-05
7.974e-05
0.00017757
0.00030452
0.000413196
0.000499866
0.000571793
0.000631406
0.00067921
0.000714808
0.000737256
0.000745185
0.000736857
0.000710285
0.000665853
0.000605706
0.000534143
0.000457611
0.000383522
0.000317882
0.000263012
0.000217766
0.000186546
0.000165849
0.000150975
0.000140747
0.000133873
0.000129196
0.000125826
0.000123153
0.000120858
0.000118873
0.000117195
0.000115782
0.000114472
0.000112919
0.000110546
0.00010656
0.000100159
9.12996e-05
8.08749e-05
7.15671e-05
0.000189368
0.000317984
0.000429581
0.000518116
0.000591179
0.000651363
0.000699354
0.000735022
0.000757792
0.000766729
0.0007605
0.000737303
0.000695957
0.000637505
0.000565189
0.000484952
0.000404998
0.000333678
0.000276047
0.000231767
0.00020285
0.000182776
0.000166555
0.000153792
0.000143653
0.000135329
0.000128206
0.000121893
0.000116291
0.00011146
0.000107459
0.000104304
0.000101913
0.000100029
9.81143e-05
9.52687e-05
9.02999e-05
8.24686e-05
7.17642e-05
6.08653e-05
0.00020081
0.00033157
0.000445318
0.000534618
0.000607398
0.000666353
0.000712314
0.000745436
0.000765579
0.000772378
0.000765133
0.000742659
0.000703237
0.000647013
0.00057642
0.000496526
0.000415254
0.000341914
0.000283436
0.000240526
0.000213689
0.000194397
0.000177596
0.000162771
0.000149625
0.000137876
0.000127289
0.000117755
0.000109348
0.000102107
9.60242e-05
9.10635e-05
8.71493e-05
8.412e-05
8.16352e-05
7.90226e-05
7.51441e-05
6.891e-05
5.92708e-05
4.816e-05
0.000211866
0.000346085
0.0004617
0.000551062
0.000622485
0.000678672
0.00072053
0.000748467
0.0007628
0.000763829
0.000751731
0.000726346
0.000686781
0.000632566
0.000565383
0.000489323
0.000411321
0.000340259
0.000283453
0.000242163
0.000216581
0.000197744
0.000180571
0.000164563
0.0001497
0.000136026
0.000123578
0.000112404
0.000102543
9.39197e-05
8.64101e-05
7.98699e-05
7.41528e-05
6.91099e-05
6.45574e-05
6.01842e-05
5.54611e-05
4.99661e-05
4.29358e-05
3.47073e-05
0.000222399
0.000362012
0.000479799
0.000569079
0.000638757
0.000691499
0.000728272
0.000749755
0.000756731
0.000750075
0.000730467
0.000698136
0.00065358
0.000598314
0.000534309
0.000464627
0.000394544
0.000331134
0.000280295
0.000242909
0.00021946
0.000201352
0.000184126
0.000167541
0.000151743
0.000136941
0.000123411
0.000111365
0.000100716
9.12741e-05
8.27542e-05
7.48282e-05
6.72099e-05
5.96608e-05
5.20318e-05
4.4339e-05
3.68612e-05
3.02342e-05
2.58855e-05
2.2552e-05
0.000232156
0.000378288
0.000497424
0.000585009
0.000651258
0.00069883
0.000728801
0.00074224
0.000740557
0.000725672
0.000699797
0.00066499
0.000622902
0.000573817
0.000519216
0.000461049
0.000402532
0.000347985
0.000301152
0.000263126
0.000237831
0.00021749
0.000198791
0.000181165
0.000164427
0.000148562
0.000133578
0.00011965
0.00010734
9.67585e-05
8.73424e-05
7.82851e-05
6.90352e-05
5.89498e-05
4.7834e-05
3.65013e-05
2.66879e-05
1.94779e-05
1.43146e-05
1.05291e-05
0.000237963
0.000380221
0.000496963
0.000581956
0.000645662
0.000690855
0.000718563
0.000729961
0.000726356
0.000709724
0.000682681
0.000648019
0.000607868
0.000562686
0.000512565
0.00046009
0.000407809
0.00035855
0.000314793
0.000277615
0.000252254
0.000231971
0.0002138
0.000197106
0.000181607
0.000167243
0.000154036
0.000141974
0.000130914
0.000120916
0.00011228
0.000104811
9.73781e-05
8.78374e-05
7.44519e-05
5.74312e-05
4.13127e-05
3.08725e-05
2.56793e-05
2.31547e-05
0.000243315
0.000382313
0.000497223
0.000579854
0.000640662
0.000682684
0.000707378
0.000716019
0.000709766
0.000690472
0.000660809
0.000623919
0.000582911
0.000539784
0.000494604
0.00044831
0.000402583
0.000359227
0.000319857
0.000285369
0.000261082
0.000241439
0.000223719
0.000207353
0.00019202
0.000177587
0.00016405
0.000151499
0.000140096
0.000130089
0.00012182
0.000115619
0.000111591
0.000109338
0.000107899
0.000106122
0.000103472
0.000100339
9.73266e-05
9.48901e-05
0.000248647
0.000385081
0.000498197
0.000578414
0.000636213
0.000674729
0.000695572
0.000700291
0.000690715
0.000668925
0.00063684
0.000597675
0.000554971
0.000511654
0.000469401
0.000427678
0.000387664
0.000350228
0.000316041
0.000285482
0.000263257
0.000245035
0.000228357
0.0002128
0.000198106
0.000184155
0.000170914
0.000158411
0.000146706
0.000135889
0.000126093
0.000117496
0.000110304
0.000104666
0.000100538
9.76057e-05
9.53751e-05
9.33955e-05
9.14035e-05
8.9329e-05
0.00025423
0.000389246
0.000501019
0.000579078
0.000633967
0.000668906
0.000685606
0.000685773
0.000671505
0.000645333
0.000610031
0.000568251
0.00052312
0.000478422
0.000436786
0.000398467
0.00036332
0.000331522
0.0003029
0.000277161
0.000257943
0.000241979
0.000227085
0.00021296
0.000199427
0.000186406
0.000173889
0.000161911
0.000150529
0.000139811
0.000129827
0.000120654
0.000112369
0.000105051
9.87563e-05
9.3486e-05
8.91539e-05
8.55868e-05
8.25632e-05
7.98652e-05
0.000260215
0.000395092
0.000506167
0.000582574
0.000634946
0.000666544
0.000679112
0.000674448
0.000654832
0.000623086
0.000582464
0.000536414
0.000488188
0.000440694
0.000397814
0.000361534
0.000330129
0.000303282
0.000280101
0.00025958
0.00024403
0.000230973
0.000218523
0.000206463
0.00019468
0.00018314
0.000171864
0.000160901
0.000150317
0.000140182
0.000130561
0.00012151
0.00011308
0.000105311
9.82326e-05
9.18629e-05
8.61985e-05
8.12072e-05
7.68199e-05
7.29268e-05
0.000266609
0.000402663
0.000513828
0.000589303
0.000639849
0.000668718
0.000677607
0.000668299
0.000643137
0.000605127
0.000557859
0.000505325
0.00045163
0.0004005
0.000354552
0.000317334
0.00028864
0.00026592
0.000247658
0.000232202
0.000220524
0.000210643
0.000200995
0.000191401
0.000181786
0.000172145
0.000162521
0.000152979
0.000143597
0.000134452
0.000125617
0.000117156
0.000109123
0.000101559
9.44946e-05
8.79464e-05
8.19196e-05
7.64061e-05
7.13805e-05
6.67887e-05
0.000273335
0.000411816
0.000523921
0.000599318
0.000648949
0.000676023
0.000682125
0.000668918
0.000638674
0.00059442
0.00053991
0.000479498
0.000417919
0.0003599
0.000309487
0.000269172
0.000240913
0.00022096
0.000206626
0.000195535
0.000187407
0.000180512
0.000173592
0.000166484
0.000159129
0.000151537
0.000143761
0.000135872
0.000127954
0.00012009
0.000112359
0.00010483
9.75681e-05
9.06294e-05
8.40599e-05
7.78927e-05
7.21463e-05
6.68246e-05
6.19306e-05
5.74347e-05
0.000280241
0.000422251
0.000536138
0.000612371
0.000662125
0.000688559
0.000693102
0.000677228
0.000643027
0.000593389
0.000532024
0.000463401
0.000392624
0.000325179
0.000266403
0.000220408
0.000188804
0.000170453
0.000159193
0.000151625
0.000146392
0.000141924
0.000137254
0.000132241
0.000126845
0.000121083
0.000115009
0.000108699
0.00010224
9.57261e-05
8.92421e-05
8.28443e-05
7.6576e-05
7.05449e-05
6.48343e-05
5.95048e-05
5.45945e-05
5.01212e-05
4.60665e-05
4.24159e-05
0.000287127
0.00043353
0.000549972
0.000627937
0.000678883
0.000705928
0.00071033
0.00069334
0.000656804
0.000603368
0.00053653
0.000460633
0.000380816
0.000302938
0.000233295
0.000177731
0.000139667
0.000118221
0.000108997
0.000104293
0.000101388
9.87636e-05
9.57356e-05
9.22416e-05
8.83057e-05
8.39416e-05
7.92309e-05
7.42614e-05
6.90701e-05
6.38003e-05
5.86203e-05
5.37082e-05
4.92019e-05
4.50855e-05
4.13401e-05
3.79434e-05
3.48706e-05
3.20944e-05
2.95845e-05
2.73196e-05
0.000293758
0.000445097
0.000564738
0.000645242
0.000698393
0.000727277
0.000732988
0.000716547
0.000679537
0.000624315
0.00055408
0.000472877
0.000385613
0.000298083
0.000216967
0.000149432
0.000101374
7.37709e-05
6.15421e-05
5.79073e-05
5.66771e-05
5.55264e-05
5.39295e-05
5.18239e-05
4.9146e-05
4.59193e-05
4.24407e-05
3.89816e-05
3.5808e-05
3.29148e-05
3.02649e-05
2.78363e-05
2.56153e-05
2.35853e-05
2.17282e-05
2.00272e-05
1.84677e-05
1.70374e-05
1.57277e-05
1.45472e-05
0.000299877
0.000456289
0.000579587
0.000663288
0.000719519
0.000751346
0.000759707
0.000745408
0.000709773
0.000654872
0.000583583
0.000499594
0.000407429
0.000312517
0.00022135
0.000141558
8.11606e-05
4.4972e-05
2.9053e-05
2.36825e-05
2.19991e-05
2.11138e-05
2.02111e-05
1.90847e-05
1.77099e-05
1.62525e-05
1.4803e-05
1.34137e-05
1.21199e-05
1.09359e-05
9.86384e-06
8.90029e-06
8.03845e-06
7.26946e-06
6.58408e-06
5.97353e-06
5.42953e-06
4.9441e-06
4.50956e-06
4.12038e-06
0.000305216
0.000466355
0.000593532
0.000680887
0.000740878
0.000776553
0.000788702
0.000777921
0.000745293
0.000692619
0.000622471
0.000538192
0.000443901
0.000344564
0.000246177
0.000156066
8.30063e-05
3.54968e-05
1.45341e-05
8.69601e-06
7.27149e-06
6.7322e-06
6.34394e-06
5.9913e-06
5.6546e-06
5.33891e-06
5.04639e-06
4.7747e-06
4.52069e-06
4.28199e-06
4.05735e-06
3.8462e-06
3.64817e-06
3.46298e-06
3.29033e-06
3.12993e-06
2.98139e-06
2.84421e-06
2.71779e-06
2.60142e-06
0.000309485
0.000474453
0.000605454
0.000696695
0.00076091
0.000801121
0.000817965
0.000811833
0.00078357
0.000734713
0.000667538
0.000585051
0.000490985
0.000389863
0.000287176
0.000189731
0.000106115
4.63669e-05
1.67231e-05
8.54696e-06
6.92623e-06
6.41359e-06
6.10788e-06
5.86708e-06
5.65595e-06
5.4631e-06
5.28326e-06
5.1132e-06
4.9484e-06
4.7824e-06
4.61324e-06
4.44114e-06
4.26764e-06
4.09469e-06
3.92419e-06
3.75789e-06
3.59727e-06
3.44356e-06
3.29769e-06
3.15983e-06
0.00031234
0.000479614
0.00061407
0.00070918
0.000777868
0.000823106
0.000845376
0.00084486
0.000822167
0.000778567
0.000716025
0.000637179
0.000545325
0.000444473
0.00033953
0.000236672
0.000143926
7.15351e-05
2.9135e-05
1.37629e-05
1.03187e-05
9.31836e-06
8.79497e-06
8.404e-06
8.05894e-06
7.73589e-06
7.42759e-06
7.13124e-06
6.84749e-06
6.57999e-06
6.32832e-06
6.08198e-06
5.83673e-06
5.59186e-06
5.34872e-06
5.10932e-06
4.87579e-06
4.65016e-06
4.43415e-06
4.22847e-06
0.000313353
0.00048068
0.000617829
0.000716486
0.000789632
0.000840159
0.000868392
0.000874323
0.000858343
0.000821472
0.000765372
0.000692296
0.000605039
0.000506974
0.000402224
0.000296045
0.000195497
0.000110267
5.19418e-05
2.42816e-05
1.64281e-05
1.41655e-05
1.31657e-05
1.25189e-05
1.19764e-05
1.14675e-05
1.09735e-05
1.04909e-05
1.00204e-05
9.56372e-06
9.12373e-06
8.7111e-06
8.3254e-06
7.95233e-06
7.58571e-06
7.22445e-06
6.8702e-06
6.52558e-06
6.19328e-06
5.87484e-06
0.000312027
0.000476353
0.000614938
0.000716397
0.000793585
0.00084928
0.000883655
0.00089654
0.000888159
0.000859345
0.00081152
0.000746602
0.0006669
0.000575096
0.000474363
0.000368713
0.000263689
0.000167464
9.1692e-05
4.55462e-05
2.78524e-05
2.20778e-05
1.97642e-05
1.85582e-05
1.77026e-05
1.69547e-05
1.62376e-05
1.55288e-05
1.48237e-05
1.4123e-05
1.34287e-05
1.27442e-05
1.20786e-05
1.14514e-05
1.08631e-05
1.02986e-05
9.7515e-06
9.22148e-06
8.71136e-06
8.22432e-06
0.000307869
0.000465393
0.000603604
0.000706602
0.000786881
0.000847049
0.000887131
0.00090683
0.000906274
0.00088621
0.000847951
0.000793227
0.00072401
0.000642408
0.000550671
0.000451423
0.000348241
0.000246753
0.000156231
8.78836e-05
5.2029e-05
3.68172e-05
3.01376e-05
2.70245e-05
2.52362e-05
2.3916e-05
2.2758e-05
2.16648e-05
2.06154e-05
1.96127e-05
1.86609e-05
1.77564e-05
1.68856e-05
1.60293e-05
1.51785e-05
1.43407e-05
1.35129e-05
1.26921e-05
1.18873e-05
1.11165e-05
0.000300341
0.000446752
0.000582375
0.000685219
0.000767126
0.000830456
0.000875067
0.000900561
0.000907025
0.000895224
0.000866519
0.000822671
0.000765599
0.000697167
0.000619062
0.000532813
0.000440043
0.000343163
0.0002469
0.000161114
0.000103011
6.9546e-05
5.02089e-05
4.01493e-05
3.49806e-05
3.2047e-05
3.0036e-05
2.83546e-05
2.67516e-05
2.51326e-05
2.34786e-05
2.18152e-05
2.01997e-05
1.87082e-05
1.74115e-05
1.63437e-05
1.54866e-05
1.47622e-05
1.40603e-05
1.32498e-05
0.000288553
0.000419311
0.000549908
0.000650595
0.000732242
0.000796881
0.000844173
0.000873595
0.000885195
0.000879798
0.000858914
0.000824488
0.000778603
0.000723208
0.000659919
0.000589915
0.000513951
0.000432481
0.000345928
0.000258838
0.000188774
0.000138787
0.00010062
7.38646e-05
5.64604e-05
4.55612e-05
3.85727e-05
3.36713e-05
2.97656e-05
2.62861e-05
2.30214e-05
2.00139e-05
1.74383e-05
1.54223e-05
1.3913e-05
1.27451e-05
1.18019e-05
1.1055e-05
1.04673e-05
1.00132e-05
0.000271928
0.000383673
0.000508299
0.000605922
0.000686226
0.000750792
0.000798928
0.00082983
0.000843378
0.000840438
0.00082281
0.00079282
0.000752964
0.000705537
0.000652334
0.000594446
0.000532158
0.00046493
0.000391383
0.000312176
0.000242823
0.000188659
0.000142292
0.000105108
7.7322e-05
5.78435e-05
4.46888e-05
3.57534e-05
2.93883e-05
2.45418e-05
2.06454e-05
1.74487e-05
1.48662e-05
1.28436e-05
1.12788e-05
1.00295e-05
8.94876e-06
7.89131e-06
6.82656e-06
6.1713e-06
0.000261417
0.000364141
0.000485733
0.000581417
0.00065976
0.000721447
0.000765157
0.000789805
0.000795646
0.00078428
0.000758362
0.000721186
0.000676158
0.000626286
0.000573786
0.000519893
0.0004649
0.000408406
0.000349854
0.000289302
0.000235484
0.000191842
0.000152247
0.000117943
8.97915e-05
6.79809e-05
5.19381e-05
4.05498e-05
3.25683e-05
2.6946e-05
2.29693e-05
2.02433e-05
1.86269e-05
1.81668e-05
1.90118e-05
2.11969e-05
2.41419e-05
2.59241e-05
2.29873e-05
9.82128e-06
0.000248647
0.000342362
0.000460131
0.000553208
0.000628967
0.000686969
0.000725309
0.000742959
0.00074053
0.000720312
0.000685901
0.000641603
0.000591728
0.000539953
0.000488867
0.000439811
0.000392977
0.000347666
0.000302659
0.000256896
0.000215896
0.000182022
0.000150323
0.000121637
9.67464e-05
7.61625e-05
5.99781e-05
4.7848e-05
3.91244e-05
3.30763e-05
2.90754e-05
2.66751e-05
2.5599e-05
2.56025e-05
2.62607e-05
2.68123e-05
2.62697e-05
2.38699e-05
1.91781e-05
8.54315e-06
0.000231841
0.000314824
0.000428421
0.000519379
0.000593466
0.000648889
0.00068295
0.000694461
0.000684425
0.000655926
0.000613576
0.000562709
0.00050849
0.000455111
0.000405304
0.000360257
0.000319886
0.000283282
0.000249188
0.000216014
0.000186377
0.000161635
0.000138012
0.000116022
9.62504e-05
7.92042e-05
6.51893e-05
5.42393e-05
4.61282e-05
4.04628e-05
3.67935e-05
3.47361e-05
3.38676e-05
3.369e-05
3.35765e-05
3.28397e-05
3.09203e-05
2.74654e-05
2.18709e-05
9.6783e-06
0.000211329
0.000281365
0.000389802
0.000478546
0.000551395
0.00060494
0.000635557
0.000641865
0.000625291
0.000589765
0.000540954
0.00048522
0.000428495
0.000375309
0.00032828
0.000288169
0.00025439
0.000225634
0.000200387
0.000176843
0.000155975
0.000138486
0.000121595
0.000105602
9.09104e-05
7.79193e-05
6.69314e-05
5.80844e-05
5.13287e-05
4.64551e-05
4.31475e-05
4.10125e-05
3.96352e-05
3.85062e-05
3.71162e-05
3.50399e-05
3.19957e-05
2.77627e-05
2.16946e-05
9.80667e-06
0.000187795
0.000242529
0.00034438
0.000430591
0.000502625
0.000555204
0.000583615
0.000586182
0.000564705
0.000523957
0.000470666
0.000412186
0.000355084
0.000303991
0.000261118
0.000226565
0.000199123
0.000177094
0.000158987
0.000142761
0.000128493
0.000116514
0.000104857
9.36939e-05
8.3288e-05
7.39178e-05
6.58081e-05
5.90798e-05
5.37252e-05
4.96141e-05
4.65172e-05
4.41304e-05
4.20975e-05
4.00673e-05
3.77325e-05
3.48614e-05
3.12973e-05
2.6847e-05
2.08351e-05
9.55821e-06
0.000162823
0.000200488
0.000293436
0.000376077
0.000447239
0.000499589
0.000527102
0.000527582
0.000503044
0.000459048
0.000403395
0.000344404
0.000289135
0.000242053
0.000204671
0.000176248
0.000154944
0.00013876
0.000126165
0.000115234
0.000105685
9.76594e-05
8.98046e-05
8.22118e-05
7.50399e-05
6.84609e-05
6.26146e-05
5.75756e-05
5.33371e-05
4.98116e-05
4.68445e-05
4.42339e-05
4.17561e-05
3.91955e-05
3.63676e-05
3.31554e-05
2.94626e-05
2.50956e-05
1.93815e-05
8.98758e-06
0.000138333
0.000158971
0.00023987
0.000317042
0.000386627
0.000439224
0.000467183
0.000467373
0.000441704
0.000396408
0.000340371
0.000282881
0.000231337
0.000189741
0.000158647
0.000136405
0.000120667
0.000109323
0.000100829
9.36328e-05
8.73631e-05
8.20731e-05
7.68551e-05
7.17502e-05
6.6845e-05
6.22355e-05
5.79988e-05
5.4174e-05
5.07531e-05
4.76819e-05
4.48683e-05
4.21965e-05
3.95434e-05
3.67943e-05
3.38543e-05
3.06465e-05
2.70815e-05
2.29633e-05
1.76648e-05
8.2408e-06
0.000115967
0.000122435
0.000187968
0.000256908
0.00032334
0.000376153
0.000405743
0.00040741
0.000382441
0.000337541
0.000282737
0.000228331
0.0001819
0.000146666
0.000122024
0.000105489
9.44349e-05
8.68475e-05
8.13278e-05
7.67122e-05
7.26627e-05
6.92093e-05
6.5754e-05
6.23107e-05
5.89222e-05
5.56381e-05
5.24985e-05
4.95235e-05
4.67085e-05
4.40251e-05
4.14264e-05
3.88544e-05
3.62486e-05
3.35528e-05
3.07164e-05
2.76872e-05
2.43857e-05
2.06284e-05
1.58322e-05
7.42414e-06
9.65113e-05
9.43227e-05
0.000142517
0.000200109
0.000260951
0.000313257
0.000345325
0.000350087
0.000327444
0.000284251
0.000231774
0.000181448
0.000140872
0.000112181
9.35252e-05
8.17948e-05
7.43614e-05
6.95606e-05
6.61288e-05
6.32534e-05
6.06717e-05
5.84211e-05
5.61151e-05
5.3755e-05
5.13607e-05
4.89571e-05
4.65656e-05
4.41983e-05
4.18557e-05
3.9527e-05
3.71931e-05
3.48296e-05
3.24106e-05
2.99098e-05
2.72989e-05
2.45392e-05
2.15593e-05
1.81911e-05
1.3915e-05
6.55566e-06
7.98998e-05
7.55961e-05
0.000107171
0.000150983
0.000203314
0.000253601
0.000288506
0.000297814
0.000278937
0.000238329
0.000188631
0.000142685
0.000108013
8.5419e-05
7.18582e-05
6.38912e-05
5.91152e-05
5.61751e-05
5.41044e-05
5.23464e-05
5.07027e-05
4.92199e-05
4.76493e-05
4.59876e-05
4.42437e-05
4.2431e-05
4.05622e-05
3.86469e-05
3.66893e-05
3.46894e-05
3.26429e-05
3.05429e-05
2.83804e-05
2.61436e-05
2.38153e-05
2.13648e-05
1.87292e-05
1.57597e-05
1.20069e-05
5.66198e-06
6.56639e-05
6.4928e-05
8.31379e-05
0.000112677
0.000153966
0.000200023
0.000237508
0.000252714
0.000239021
0.000201452
0.000154195
0.000112065
8.26148e-05
6.51555e-05
5.55717e-05
5.03389e-05
4.73905e-05
4.56444e-05
4.44275e-05
4.33609e-05
4.22979e-05
4.12938e-05
4.01873e-05
3.89746e-05
3.76601e-05
3.62522e-05
3.47601e-05
3.31923e-05
3.15557e-05
2.98551e-05
2.80934e-05
2.62715e-05
2.4388e-05
2.24379e-05
2.04093e-05
1.82772e-05
1.59874e-05
1.34124e-05
1.01727e-05
4.78437e-06
5.33935e-05
5.94356e-05
6.85916e-05
8.61576e-05
0.000115875
0.000155746
0.000195291
0.000218163
0.000211637
0.000177202
0.000130779
9.04158e-05
6.43633e-05
5.04787e-05
4.35881e-05
4.01218e-05
3.83172e-05
3.72868e-05
3.6566e-05
3.58971e-05
3.5174e-05
3.44574e-05
3.36381e-05
3.2713e-05
3.1685e-05
3.05601e-05
2.93461e-05
2.80509e-05
2.6682e-05
2.52462e-05
2.37491e-05
2.21944e-05
2.05837e-05
1.89147e-05
1.71786e-05
1.53548e-05
1.33977e-05
1.12008e-05
8.45055e-06
3.94924e-06
4.24668e-05
5.37722e-05
5.72817e-05
6.69985e-05
8.72353e-05
0.000120472
0.00016233
0.000196803
0.000202412
0.000172146
0.000123457
8.04505e-05
5.40171e-05
4.11387e-05
3.53412e-05
3.26586e-05
3.13545e-05
3.06418e-05
3.01504e-05
2.96791e-05
2.91415e-05
2.85923e-05
2.795e-05
2.72114e-05
2.63786e-05
2.54565e-05
2.4452e-05
2.33723e-05
2.22249e-05
2.10167e-05
1.9754e-05
1.84412e-05
1.70807e-05
1.56716e-05
1.42069e-05
1.26699e-05
1.10234e-05
9.18067e-06
6.88903e-06
3.19835e-06
2.72774e-05
4.0423e-05
4.06665e-05
4.61908e-05
5.83314e-05
8.22701e-05
0.000122972
0.000172507
0.000200378
0.000179937
0.000127323
7.82019e-05
4.84783e-05
3.47921e-05
2.91136e-05
2.67082e-05
2.56542e-05
2.5137e-05
2.48004e-05
2.44638e-05
2.40503e-05
2.3613e-05
2.30902e-05
2.24804e-05
2.17866e-05
2.10138e-05
2.01688e-05
1.92585e-05
1.82903e-05
1.72708e-05
1.6206e-05
1.51006e-05
1.39571e-05
1.27751e-05
1.15495e-05
1.0267e-05
8.89779e-06
7.37295e-06
5.49254e-06
2.51993e-06
8.76033e-06
1.50375e-05
2.23229e-05
2.94209e-05
3.58526e-05
4.42647e-05
6.6301e-05
0.00011363
0.000163937
0.000161971
0.000111307
6.41533e-05
3.84039e-05
2.79577e-05
2.41034e-05
2.26504e-05
2.20971e-05
2.18504e-05
2.16671e-05
2.14264e-05
2.10812e-05
2.06999e-05
2.02356e-05
1.96899e-05
1.90673e-05
1.83736e-05
1.76156e-05
1.68004e-05
1.59349e-05
1.50255e-05
1.4078e-05
1.30967e-05
1.20846e-05
1.10417e-05
9.96407e-06
8.84077e-06
7.64685e-06
6.32362e-06
4.69977e-06
2.13544e-06
9.07134e-06
1.34327e-05
1.90678e-05
2.61199e-05
3.37459e-05
4.29065e-05
6.09656e-05
9.66457e-05
0.000136627
0.000133312
8.59208e-05
4.75192e-05
2.96326e-05
2.32485e-05
2.10716e-05
2.03243e-05
2.00496e-05
1.99144e-05
1.97708e-05
1.954e-05
1.9198e-05
1.88233e-05
1.83722e-05
1.78474e-05
1.7254e-05
1.65979e-05
1.58855e-05
1.51235e-05
1.43182e-05
1.34757e-05
1.26012e-05
1.16988e-05
1.07712e-05
9.81885e-06
8.83852e-06
7.82104e-06
6.74522e-06
5.56083e-06
4.11889e-06
1.84724e-06
8.47961e-06
1.30838e-05
1.90911e-05
2.60428e-05
3.35588e-05
4.3954e-05
6.20985e-05
9.06151e-05
0.00011713
0.000101699
5.84456e-05
3.23992e-05
2.27902e-05
1.98539e-05
1.89667e-05
1.86711e-05
1.85446e-05
1.84342e-05
1.82653e-05
1.79945e-05
1.76195e-05
1.72262e-05
1.67676e-05
1.62463e-05
1.5667e-05
1.5035e-05
1.4356e-05
1.36359e-05
1.28802e-05
1.20944e-05
1.12831e-05
1.04501e-05
9.59797e-06
8.72727e-06
7.83572e-06
6.91583e-06
5.94986e-06
4.89461e-06
3.61876e-06
1.61191e-06
7.96524e-06
1.21851e-05
1.76832e-05
2.44372e-05
3.33307e-05
4.81667e-05
6.8638e-05
8.9149e-05
9.62093e-05
6.48759e-05
3.44587e-05
2.2536e-05
1.91473e-05
1.82446e-05
1.79557e-05
1.78102e-05
1.76706e-05
1.74839e-05
1.72197e-05
1.68584e-05
1.64157e-05
1.598e-05
1.54943e-05
1.49599e-05
1.43798e-05
1.37581e-05
1.30994e-05
1.24084e-05
1.16897e-05
1.09479e-05
1.01871e-05
9.41066e-06
8.62106e-06
7.81915e-06
7.00332e-06
6.16755e-06
5.29678e-06
4.35305e-06
3.21814e-06
1.42493e-06
6.51499e-06
9.85417e-06
1.48977e-05
2.25701e-05
3.61538e-05
6.07526e-05
8.14446e-05
8.36018e-05
5.89193e-05
3.17259e-05
2.15393e-05
1.89447e-05
1.83134e-05
1.80727e-05
1.78783e-05
1.76508e-05
1.73722e-05
1.70354e-05
1.66312e-05
1.61515e-05
1.56234e-05
1.51331e-05
1.46096e-05
1.40516e-05
1.34603e-05
1.28379e-05
1.21876e-05
1.1513e-05
1.08177e-05
1.01056e-05
9.38019e-06
8.64455e-06
7.90097e-06
7.15051e-06
6.39207e-06
5.62064e-06
4.82287e-06
3.96422e-06
2.9348e-06
1.29324e-06
4.3113e-06
6.77598e-06
1.19371e-05
2.30246e-05
4.86573e-05
9.35969e-05
9.85378e-05
4.97547e-05
2.66096e-05
2.05847e-05
1.93969e-05
1.91213e-05
1.89102e-05
1.8625e-05
1.82681e-05
1.78598e-05
1.74137e-05
1.69321e-05
1.64081e-05
1.58335e-05
1.52392e-05
1.47066e-05
1.41531e-05
1.35753e-05
1.29724e-05
1.23454e-05
1.16965e-05
1.10283e-05
1.03439e-05
9.64667e-06
8.93971e-06
8.22589e-06
7.50745e-06
6.78553e-06
6.05931e-06
5.32426e-06
4.56795e-06
3.75753e-06
2.7871e-06
1.22339e-06
7.96733e-06
2.16892e-05
9.4007e-05
8.75259e-05
7.75346e-05
6.96169e-05
6.27443e-05
5.33753e-05
3.91509e-05
2.52265e-05
1.34406e-05
3.75543e-06
2.49006e-06
3.02346e-06
4.02023e-06
5.54636e-06
7.71919e-06
1.03262e-05
1.22371e-05
9.77548e-06
7.23898e-06
7.62091e-06
8.59237e-06
1.01911e-05
7.932e-06
6.20928e-06
4.78311e-06
3.61319e-06
2.69183e-06
2.03134e-06
1.61093e-06
1.16163e-06
7.60551e-07
4.46663e-07
2.23763e-07
1.35127e-07
9.96237e-08
9.16744e-08
9.87086e-08
1.18385e-07
3.10931e-07
1.77121e-07
1.0254e-07
8.61509e-08
6.91659e-08
5.45848e-08
4.32374e-08
3.40618e-08
2.65098e-08
2.03936e-08
1.56197e-08
1.20324e-08
9.44856e-09
8.01879e-09
7.49786e-09
8.97042e-09
8.05576e-08
7.74917e-08
4.87448e-08
2.03511e-08
2.12716e-05
2.1956e-05
2.21087e-05
2.23555e-05
2.26493e-05
2.2748e-05
2.24484e-05
2.16619e-05
2.03859e-05
1.86758e-05
1.66225e-05
1.43969e-05
1.21726e-05
1.02198e-05
8.761e-06
7.77546e-06
7.29441e-06
7.43673e-06
8.07631e-06
9.24972e-06
1.0457e-05
9.84611e-06
8.10545e-06
6.79347e-06
5.5798e-06
4.48642e-06
3.52746e-06
2.69675e-06
1.99194e-06
1.41606e-06
9.67446e-07
6.34626e-07
4.00068e-07
2.49411e-07
1.52563e-07
8.95559e-08
1.10749e-07
8.80217e-08
5.43306e-08
2.33838e-08
9.53586e-05
0.000117587
0.000127097
0.000132325
0.00013949
0.000148292
0.000157036
0.000164399
0.000169277
0.000170665
0.00016764
0.000159213
0.000146486
0.0001313
0.000115441
0.000102502
9.47455e-05
9.10085e-05
9.04865e-05
8.99034e-05
8.61324e-05
7.46385e-05
6.30918e-05
5.23709e-05
4.26568e-05
3.3991e-05
2.6388e-05
1.98521e-05
1.43697e-05
9.93606e-06
6.5237e-06
4.04233e-06
2.34771e-06
1.2907e-06
6.59292e-07
3.00137e-07
1.63241e-07
1.07049e-07
6.41948e-08
2.81706e-08
8.23845e-05
8.69666e-05
9.46129e-05
0.000101808
0.000108869
0.000115993
0.000122555
0.000127413
0.000129467
0.000127907
0.000122454
0.000114022
0.000103501
9.21784e-05
8.15334e-05
7.28825e-05
6.70715e-05
6.43321e-05
6.33923e-05
6.23115e-05
5.89887e-05
5.16853e-05
4.44076e-05
3.75762e-05
3.15659e-05
2.62608e-05
2.15478e-05
1.73384e-05
1.35627e-05
1.02093e-05
7.32058e-06
4.94101e-06
3.09656e-06
1.8155e-06
9.69435e-07
4.57079e-07
2.22218e-07
1.31114e-07
7.64213e-08
3.34783e-08
6.98848e-05
6.65457e-05
6.76729e-05
7.11327e-05
7.5447e-05
7.97386e-05
8.33635e-05
8.56407e-05
8.59641e-05
8.39921e-05
7.97921e-05
7.41291e-05
6.76555e-05
6.10435e-05
5.49615e-05
4.98961e-05
4.62286e-05
4.41845e-05
4.34101e-05
4.23043e-05
3.98024e-05
3.55059e-05
3.1054e-05
2.6837e-05
2.31737e-05
2.00105e-05
1.72217e-05
1.46781e-05
1.22582e-05
9.89687e-06
7.6208e-06
5.5189e-06
3.70198e-06
2.28217e-06
1.26278e-06
6.12513e-07
2.88346e-07
1.59146e-07
9.02929e-08
3.90072e-08
5.8895e-05
5.14874e-05
4.80617e-05
4.74651e-05
4.83259e-05
4.94576e-05
5.00504e-05
4.96293e-05
4.80165e-05
4.53231e-05
4.19544e-05
3.84683e-05
3.53105e-05
3.25986e-05
3.03902e-05
2.86597e-05
2.74019e-05
2.66205e-05
2.61805e-05
2.57517e-05
2.43892e-05
2.22461e-05
2.00176e-05
1.79234e-05
1.6093e-05
1.45154e-05
1.31244e-05
1.18271e-05
1.05018e-05
9.04036e-06
7.43575e-06
5.75497e-06
4.11734e-06
2.68685e-06
1.56296e-06
7.78347e-07
3.62172e-07
1.90698e-07
1.05476e-07
4.4663e-08
4.92686e-05
3.94665e-05
3.35104e-05
3.02852e-05
2.86326e-05
2.74785e-05
2.60588e-05
2.40202e-05
2.13905e-05
1.83811e-05
1.55151e-05
1.33438e-05
1.19825e-05
1.13756e-05
1.12708e-05
1.14831e-05
1.18324e-05
1.21588e-05
1.2296e-05
1.23707e-05
1.22463e-05
1.19519e-05
1.16254e-05
1.12505e-05
1.08112e-05
1.03197e-05
9.80191e-06
9.26266e-06
8.63275e-06
7.86474e-06
6.8813e-06
5.66807e-06
4.31064e-06
2.97825e-06
1.83099e-06
9.55321e-07
4.44017e-07
2.25628e-07
1.21814e-07
5.04181e-08
3.94853e-05
2.96476e-05
2.32927e-05
1.9229e-05
1.65349e-05
1.44575e-05
1.24883e-05
1.04317e-05
8.34025e-06
6.56135e-06
5.28496e-06
4.41038e-06
3.85443e-06
3.62007e-06
3.78142e-06
4.21275e-06
4.77672e-06
5.33298e-06
5.77382e-06
6.1623e-06
6.86441e-06
7.66765e-06
8.28719e-06
8.5848e-06
8.58176e-06
8.36576e-06
8.03292e-06
7.65261e-06
7.27318e-06
6.83901e-06
6.2431e-06
5.40436e-06
4.33326e-06
3.15454e-06
2.04155e-06
1.12653e-06
5.34272e-07
2.63983e-07
1.39229e-07
5.62685e-08
2.82536e-05
2.10337e-05
1.62228e-05
1.28632e-05
1.04062e-05
8.48238e-06
6.86324e-06
5.47685e-06
4.39549e-06
3.6929e-06
3.30409e-06
3.18655e-06
3.31008e-06
3.6549e-06
4.1817e-06
4.80674e-06
5.46893e-06
6.15146e-06
6.89502e-06
7.7618e-06
8.54924e-06
9.04091e-06
9.14837e-06
8.95405e-06
8.57782e-06
8.10176e-06
7.57888e-06
7.0513e-06
6.58535e-06
6.17106e-06
5.71721e-06
5.10155e-06
4.25794e-06
3.2398e-06
2.19453e-06
1.2744e-06
6.30762e-07
3.0595e-07
1.57672e-07
6.22227e-08
1.80698e-05
1.36943e-05
1.08638e-05
8.7722e-06
7.13078e-06
5.83132e-06
4.82525e-06
4.12205e-06
3.74466e-06
3.66855e-06
3.8446e-06
4.19717e-06
4.65009e-06
5.15378e-06
5.72223e-06
6.35773e-06
7.01603e-06
7.69359e-06
8.36567e-06
9.01402e-06
9.43894e-06
9.54159e-06
9.33902e-06
8.94426e-06
8.46264e-06
7.94271e-06
7.39707e-06
6.81624e-06
6.26461e-06
5.78746e-06
5.34724e-06
4.83416e-06
4.14301e-06
3.26312e-06
2.29736e-06
1.39514e-06
7.22977e-07
3.51881e-07
1.77105e-07
6.83011e-08
9.80842e-06
6.02908e-06
5.07524e-06
4.7637e-06
4.37932e-06
3.95707e-06
3.65855e-06
3.59802e-06
3.73268e-06
3.90854e-06
4.02492e-06
4.07445e-06
4.12568e-06
4.25308e-06
4.49916e-06
4.91232e-06
5.53294e-06
6.30686e-06
7.09496e-06
7.74378e-06
8.18012e-06
8.33082e-06
8.22308e-06
7.96667e-06
7.65537e-06
7.32128e-06
6.95498e-06
6.51905e-06
6.02074e-06
5.53732e-06
5.09124e-06
4.62023e-06
4.02239e-06
3.24933e-06
2.36058e-06
1.48914e-06
8.04809e-07
4.00001e-07
1.97477e-07
7.45379e-08
3.27646e-06
2.38551e-06
2.15275e-06
2.18313e-06
2.35871e-06
2.64448e-06
2.78248e-06
2.92966e-06
2.99207e-06
2.97322e-06
2.92262e-06
2.88166e-06
2.88756e-06
2.97264e-06
3.14936e-06
3.42821e-06
3.85003e-06
4.4426e-06
5.1521e-06
5.822e-06
6.33363e-06
6.60587e-06
6.66161e-06
6.59937e-06
6.50348e-06
6.39888e-06
6.26494e-06
6.06605e-06
5.72637e-06
5.31551e-06
4.89319e-06
4.44901e-06
3.90952e-06
3.21531e-06
2.39438e-06
1.55915e-06
8.74387e-07
4.45955e-07
2.18753e-07
8.0985e-08
2.3403e-06
1.97785e-06
1.74539e-06
1.62547e-06
1.61814e-06
1.70667e-06
1.80965e-06
1.91004e-06
1.9821e-06
2.00674e-06
2.00277e-06
2.00351e-06
2.03482e-06
2.11832e-06
2.26089e-06
2.45982e-06
2.73873e-06
3.13844e-06
3.66539e-06
4.23157e-06
4.72128e-06
5.04655e-06
5.21201e-06
5.29307e-06
5.35985e-06
5.43357e-06
5.49076e-06
5.5049e-06
5.36467e-06
5.07725e-06
4.71405e-06
4.30306e-06
3.80607e-06
3.17064e-06
2.40691e-06
1.60874e-06
9.31366e-07
4.87091e-07
2.399e-07
8.77175e-08
2.80545e-06
2.30648e-06
1.92642e-06
1.65832e-06
1.49452e-06
1.42189e-06
1.41156e-06
1.43824e-06
1.47521e-06
1.50388e-06
1.52508e-06
1.55155e-06
1.59621e-06
1.67053e-06
1.77962e-06
1.92222e-06
2.10839e-06
2.36918e-06
2.73089e-06
3.15462e-06
3.56419e-06
3.87867e-06
4.0894e-06
4.24744e-06
4.40635e-06
4.58493e-06
4.76324e-06
4.91911e-06
4.9644e-06
4.81593e-06
4.53482e-06
4.16834e-06
3.70903e-06
3.11978e-06
2.40395e-06
1.64132e-06
9.76289e-07
5.22588e-07
2.5961e-07
9.45264e-08
3.66885e-06
2.86551e-06
2.27565e-06
1.86607e-06
1.58624e-06
1.41544e-06
1.32453e-06
1.28749e-06
1.28224e-06
1.29284e-06
1.31265e-06
1.34263e-06
1.38679e-06
1.45e-06
1.53528e-06
1.64263e-06
1.77648e-06
1.95347e-06
2.19504e-06
2.49538e-06
2.81766e-06
3.09237e-06
3.30625e-06
3.49149e-06
3.68654e-06
3.90858e-06
4.14522e-06
4.37903e-06
4.56014e-06
4.54098e-06
4.34998e-06
4.03651e-06
3.61469e-06
3.06437e-06
2.38925e-06
1.65984e-06
1.0101e-06
5.52096e-07
2.77221e-07
1.00729e-07
4.99464e-06
3.68096e-06
2.74681e-06
2.1551e-06
1.75334e-06
1.496e-06
1.34083e-06
1.25565e-06
1.21678e-06
1.20763e-06
1.21805e-06
1.24341e-06
1.28266e-06
1.33673e-06
1.40669e-06
1.49269e-06
1.59688e-06
1.72816e-06
1.90039e-06
2.11692e-06
2.36046e-06
2.58952e-06
2.78757e-06
2.97234e-06
3.16998e-06
3.39634e-06
3.64798e-06
3.91171e-06
4.17397e-06
4.26441e-06
4.16077e-06
3.90388e-06
3.52024e-06
3.00477e-06
2.36517e-06
1.66659e-06
1.03388e-06
5.75584e-07
2.92272e-07
1.0596e-07
6.90967e-06
4.89412e-06
3.37824e-06
2.51757e-06
1.96271e-06
1.61127e-06
1.39419e-06
1.26681e-06
1.19963e-06
1.17272e-06
1.17286e-06
1.192e-06
1.226e-06
1.27329e-06
1.33348e-06
1.40637e-06
1.49304e-06
1.59842e-06
1.73116e-06
1.89582e-06
2.08445e-06
2.2736e-06
2.44956e-06
2.62048e-06
2.80426e-06
3.01496e-06
3.2571e-06
3.51985e-06
3.81332e-06
3.9949e-06
3.97056e-06
3.76969e-06
3.42413e-06
2.94095e-06
2.33322e-06
1.66336e-06
1.04863e-06
5.9321e-07
3.04479e-07
1.10017e-07
9.20932e-06
6.58478e-06
4.21189e-06
2.96251e-06
2.20856e-06
1.74692e-06
1.46431e-06
1.29579e-06
1.20246e-06
1.1593e-06
1.14964e-06
1.16268e-06
1.19201e-06
1.23427e-06
1.28795e-06
1.35239e-06
1.42801e-06
1.51764e-06
1.62669e-06
1.75907e-06
1.91113e-06
2.06949e-06
2.22409e-06
2.3782e-06
2.54387e-06
2.73266e-06
2.95096e-06
3.19565e-06
3.48947e-06
3.73686e-06
3.78243e-06
3.6347e-06
3.32599e-06
2.87303e-06
2.29444e-06
1.65152e-06
1.0553e-06
6.05235e-07
3.13697e-07
1.12789e-07
1.09317e-05
8.54608e-06
5.2073e-06
3.47309e-06
2.48249e-06
1.89608e-06
1.54348e-06
1.33341e-06
1.21474e-06
1.15619e-06
1.13729e-06
1.1446e-06
1.16981e-06
1.20816e-06
1.25721e-06
1.31582e-06
1.38393e-06
1.46315e-06
1.5569e-06
1.66818e-06
1.79539e-06
1.93063e-06
2.06672e-06
2.20459e-06
2.3523e-06
2.51913e-06
2.71194e-06
2.93208e-06
3.20356e-06
3.48991e-06
3.59765e-06
3.50013e-06
3.22636e-06
2.80148e-06
2.24972e-06
1.63215e-06
1.05467e-06
6.1196e-07
3.19886e-07
1.14228e-07
9.84445e-06
1.01431e-05
6.12866e-06
3.95143e-06
2.74779e-06
2.04483e-06
1.625e-06
1.37482e-06
1.23188e-06
1.15868e-06
1.131e-06
1.13291e-06
1.15438e-06
1.18948e-06
1.23495e-06
1.28921e-06
1.35179e-06
1.42353e-06
1.5066e-06
1.60321e-06
1.71273e-06
1.83032e-06
1.9508e-06
2.07398e-06
2.20531e-06
2.35217e-06
2.52129e-06
2.71694e-06
2.96027e-06
3.25057e-06
3.41411e-06
3.3665e-06
3.12651e-06
2.72738e-06
2.20001e-06
1.60609e-06
1.04734e-06
6.1366e-07
3.23068e-07
1.14326e-07
5.09457e-06
8.69042e-06
5.89365e-06
3.99125e-06
2.82155e-06
2.10034e-06
1.65856e-06
1.39209e-06
1.23861e-06
1.15903e-06
1.12751e-06
1.12694e-06
1.14647e-06
1.17961e-06
1.22275e-06
1.27404e-06
1.33278e-06
1.39939e-06
1.47531e-06
1.56213e-06
1.65945e-06
1.76387e-06
1.87153e-06
1.98202e-06
2.09936e-06
2.2297e-06
2.37952e-06
2.55515e-06
2.77555e-06
3.05186e-06
3.24605e-06
3.24083e-06
3.02842e-06
2.64781e-06
2.13939e-06
1.567e-06
1.0285e-06
6.07548e-07
3.21854e-07
1.12861e-07
3.81075e-06
6.96154e-06
5.24536e-06
3.77031e-06
2.74165e-06
2.06876e-06
1.64387e-06
1.38388e-06
1.23339e-06
1.15542e-06
1.12473e-06
1.1244e-06
1.14363e-06
1.17596e-06
1.21772e-06
1.267e-06
1.32302e-06
1.38594e-06
1.45672e-06
1.53644e-06
1.62466e-06
1.71878e-06
1.81584e-06
1.91544e-06
2.0208e-06
2.13719e-06
2.27087e-06
2.42943e-06
2.62982e-06
2.88526e-06
3.08955e-06
3.11578e-06
2.93119e-06
2.56713e-06
2.07498e-06
1.52246e-06
1.00411e-06
5.97082e-07
3.17855e-07
1.10229e-07
3.07471e-06
5.6022e-06
4.64742e-06
3.53513e-06
2.64799e-06
2.0305e-06
1.62697e-06
1.37571e-06
1.22922e-06
1.15324e-06
1.12347e-06
1.12331e-06
1.14216e-06
1.17358e-06
1.21394e-06
1.26128e-06
1.31471e-06
1.37419e-06
1.44033e-06
1.51377e-06
1.59405e-06
1.6791e-06
1.76656e-06
1.8561e-06
1.95034e-06
2.05394e-06
2.17306e-06
2.31603e-06
2.49822e-06
2.73226e-06
2.93783e-06
2.98888e-06
2.83229e-06
2.48869e-06
2.01149e-06
1.47699e-06
9.77585e-07
5.84206e-07
3.11902e-07
1.06578e-07
2.57616e-06
4.65444e-06
4.15758e-06
3.31203e-06
2.55128e-06
1.98948e-06
1.60936e-06
1.36816e-06
1.22627e-06
1.15247e-06
1.12357e-06
1.12349e-06
1.1418e-06
1.17222e-06
1.21111e-06
1.25649e-06
1.30741e-06
1.36362e-06
1.42544e-06
1.49318e-06
1.56635e-06
1.6432e-06
1.72185e-06
1.802e-06
1.88588e-06
1.97773e-06
2.08364e-06
2.21236e-06
2.37786e-06
2.59122e-06
2.79197e-06
2.86123e-06
2.73094e-06
2.4101e-06
1.95041e-06
1.43172e-06
9.49589e-07
5.69298e-07
3.04237e-07
1.02069e-07
2.22426e-06
3.99437e-06
3.76418e-06
3.11087e-06
2.45797e-06
1.94863e-06
1.59224e-06
1.36168e-06
1.22466e-06
1.15304e-06
1.12493e-06
1.12475e-06
1.14239e-06
1.17167e-06
1.20901e-06
1.2524e-06
1.30082e-06
1.35386e-06
1.41159e-06
1.47406e-06
1.54071e-06
1.61005e-06
1.6805e-06
1.75186e-06
1.82605e-06
1.90706e-06
2.00094e-06
2.11658e-06
2.26671e-06
2.4606e-06
2.6526e-06
2.73404e-06
2.62762e-06
2.33009e-06
1.89085e-06
1.38805e-06
9.20878e-07
5.52751e-07
2.95112e-07
9.68641e-08
1.96663e-06
3.52105e-06
3.44715e-06
2.93436e-06
2.37165e-06
1.90992e-06
1.57645e-06
1.35655e-06
1.22441e-06
1.15489e-06
1.12739e-06
1.12696e-06
1.14376e-06
1.17178e-06
1.20748e-06
1.24884e-06
1.29475e-06
1.3447e-06
1.3985e-06
1.45602e-06
1.51662e-06
1.57898e-06
1.64178e-06
1.70487e-06
1.77001e-06
1.84101e-06
1.92389e-06
2.02748e-06
2.16336e-06
2.33901e-06
2.52002e-06
2.60846e-06
2.52302e-06
2.24887e-06
1.83093e-06
1.34683e-06
8.92332e-07
5.34978e-07
2.84785e-07
9.11316e-08
1.77184e-06
3.16988e-06
3.19016e-06
2.7821e-06
2.29405e-06
1.87455e-06
1.56252e-06
1.35289e-06
1.22547e-06
1.15788e-06
1.13082e-06
1.12996e-06
1.14578e-06
1.17242e-06
1.20639e-06
1.24567e-06
1.28908e-06
1.33598e-06
1.38601e-06
1.43884e-06
1.49377e-06
1.54962e-06
1.60526e-06
1.66059e-06
1.7173e-06
1.77906e-06
1.85185e-06
1.94429e-06
2.0669e-06
2.22578e-06
2.39427e-06
2.48555e-06
2.41798e-06
2.16677e-06
1.77076e-06
1.30657e-06
8.65033e-07
5.16426e-07
2.73523e-07
8.50576e-08
1.62084e-06
2.90207e-06
2.98094e-06
2.6523e-06
2.22573e-06
1.84313e-06
1.5507e-06
1.35072e-06
1.22772e-06
1.16185e-06
1.13504e-06
1.1336e-06
1.14832e-06
1.17347e-06
1.20565e-06
1.24282e-06
1.28374e-06
1.32764e-06
1.37403e-06
1.4224e-06
1.47202e-06
1.52178e-06
1.57072e-06
1.61882e-06
1.6677e-06
1.72097e-06
1.78449e-06
1.86657e-06
1.9768e-06
2.12016e-06
2.27533e-06
2.36619e-06
2.31339e-06
2.08424e-06
1.7105e-06
1.2664e-06
8.39377e-07
4.97588e-07
2.61602e-07
7.88494e-08
1.5015e-06
2.69367e-06
2.81015e-06
2.54258e-06
2.16653e-06
1.81584e-06
1.54105e-06
1.34994e-06
1.231e-06
1.16661e-06
1.13989e-06
1.13773e-06
1.15123e-06
1.17484e-06
1.20518e-06
1.24023e-06
1.27867e-06
1.31966e-06
1.36254e-06
1.4067e-06
1.45134e-06
1.49543e-06
1.53814e-06
1.57953e-06
1.62121e-06
1.66669e-06
1.72169e-06
1.79413e-06
1.89272e-06
2.02161e-06
2.1632e-06
2.2512e-06
2.21023e-06
2.00187e-06
1.65042e-06
1.22642e-06
8.14685e-07
4.79037e-07
2.49308e-07
7.27398e-08
1.4058e-06
2.52915e-06
2.67052e-06
2.45043e-06
2.11588e-06
1.79259e-06
1.53344e-06
1.35036e-06
1.23508e-06
1.17195e-06
1.14517e-06
1.14219e-06
1.15442e-06
1.17643e-06
1.20493e-06
1.23786e-06
1.27388e-06
1.31204e-06
1.35158e-06
1.39176e-06
1.43176e-06
1.4706e-06
1.50758e-06
1.54281e-06
1.5779e-06
1.61629e-06
1.66347e-06
1.72692e-06
1.81455e-06
1.92985e-06
2.05796e-06
2.14134e-06
2.10951e-06
1.92036e-06
1.59086e-06
1.18681e-06
7.9028e-07
4.61497e-07
2.36944e-07
6.69863e-08
1.32816e-06
2.39797e-06
2.5563e-06
2.37345e-06
2.07299e-06
1.77308e-06
1.52768e-06
1.35177e-06
1.23973e-06
1.17765e-06
1.15069e-06
1.14683e-06
1.15774e-06
1.17816e-06
1.20483e-06
1.2357e-06
1.26937e-06
1.30483e-06
1.3412e-06
1.37768e-06
1.41338e-06
1.44741e-06
1.47914e-06
1.50879e-06
1.53792e-06
1.56988e-06
1.60991e-06
1.665e-06
1.74234e-06
1.84486e-06
1.95983e-06
2.03737e-06
2.01232e-06
1.84058e-06
1.53231e-06
1.14781e-06
7.66057e-07
4.45129e-07
2.24823e-07
6.18637e-08
1.26465e-06
2.29273e-06
2.46294e-06
2.30951e-06
2.03703e-06
1.75697e-06
1.52351e-06
1.35392e-06
1.24473e-06
1.18351e-06
1.15627e-06
1.15149e-06
1.1611e-06
1.17995e-06
1.20484e-06
1.23372e-06
1.26517e-06
1.29807e-06
1.33149e-06
1.36454e-06
1.39632e-06
1.42598e-06
1.45299e-06
1.47762e-06
1.50143e-06
1.52762e-06
1.56116e-06
1.60854e-06
1.67625e-06
1.76681e-06
1.8692e-06
1.94012e-06
1.91982e-06
1.76353e-06
1.47538e-06
1.10978e-06
7.42286e-07
4.29815e-07
2.13283e-07
5.76469e-08
1.21239e-06
2.20809e-06
2.38685e-06
2.25674e-06
2.00718e-06
1.74383e-06
1.52065e-06
1.35655e-06
1.24984e-06
1.1893e-06
1.16174e-06
1.15604e-06
1.16437e-06
1.18172e-06
1.20493e-06
1.23194e-06
1.2613e-06
1.29183e-06
1.32253e-06
1.35246e-06
1.38071e-06
1.40647e-06
1.42929e-06
1.44949e-06
1.46859e-06
1.48966e-06
1.51738e-06
1.55771e-06
1.61653e-06
1.69604e-06
1.78659e-06
1.85051e-06
1.83323e-06
1.69036e-06
1.42089e-06
1.07321e-06
7.19325e-07
4.15531e-07
2.027e-07
5.45855e-08
1.16929e-06
2.14013e-06
2.32518e-06
2.21357e-06
1.98269e-06
1.73328e-06
1.51883e-06
1.35944e-06
1.25483e-06
1.19484e-06
1.16692e-06
1.16034e-06
1.16748e-06
1.18342e-06
1.20507e-06
1.23036e-06
1.25779e-06
1.28617e-06
1.31442e-06
1.34157e-06
1.36669e-06
1.38902e-06
1.40818e-06
1.42452e-06
1.43955e-06
1.45616e-06
1.47872e-06
1.51273e-06
1.56351e-06
1.63296e-06
1.7126e-06
1.7695e-06
1.75388e-06
1.62237e-06
1.36978e-06
1.03874e-06
6.97609e-07
4.02316e-07
1.9348e-07
5.28745e-08
1.13376e-06
2.08594e-06
2.27571e-06
2.1787e-06
1.96289e-06
1.72495e-06
1.51777e-06
1.36236e-06
1.25952e-06
1.19995e-06
1.17166e-06
1.16426e-06
1.17031e-06
1.18499e-06
1.20523e-06
1.22897e-06
1.2547e-06
1.28116e-06
1.30726e-06
1.33197e-06
1.35438e-06
1.37377e-06
1.3898e-06
1.40287e-06
1.41442e-06
1.42722e-06
1.44533e-06
1.47381e-06
1.51748e-06
1.57804e-06
1.6479e-06
1.69808e-06
1.68308e-06
1.56093e-06
1.32313e-06
1.00708e-06
6.77638e-07
3.90313e-07
1.85953e-07
5.26291e-08
1.10466e-06
2.04338e-06
2.23672e-06
2.15107e-06
1.94721e-06
1.7185e-06
1.51726e-06
1.3651e-06
1.2637e-06
1.20446e-06
1.17584e-06
1.16771e-06
1.1728e-06
1.18638e-06
1.20539e-06
1.22779e-06
1.25204e-06
1.27687e-06
1.30113e-06
1.32378e-06
1.34391e-06
1.36084e-06
1.37427e-06
1.38463e-06
1.39331e-06
1.40294e-06
1.41731e-06
1.44111e-06
1.47874e-06
1.53169e-06
1.59311e-06
1.63718e-06
1.62209e-06
1.50737e-06
1.28207e-06
9.7904e-07
6.5994e-07
3.79855e-07
1.80147e-07
5.38744e-08
1.08118e-06
2.01084e-06
2.20687e-06
2.12985e-06
1.93519e-06
1.71367e-06
1.51709e-06
1.36751e-06
1.26724e-06
1.20824e-06
1.17932e-06
1.17059e-06
1.17488e-06
1.18754e-06
1.20554e-06
1.22683e-06
1.24987e-06
1.27335e-06
1.29611e-06
1.31709e-06
1.33538e-06
1.35033e-06
1.36169e-06
1.36989e-06
1.3763e-06
1.3834e-06
1.39477e-06
1.41478e-06
1.4475e-06
1.49427e-06
1.54873e-06
1.58757e-06
1.57198e-06
1.46291e-06
1.24766e-06
9.55393e-07
6.45029e-07
3.71225e-07
1.76075e-07
5.65618e-08
1.06292e-06
1.98712e-06
2.18517e-06
2.11442e-06
1.92647e-06
1.71023e-06
1.5171e-06
1.36943e-06
1.27001e-06
1.21117e-06
1.18202e-06
1.17281e-06
1.17649e-06
1.18844e-06
1.20565e-06
1.2261e-06
1.24821e-06
1.27066e-06
1.29227e-06
1.31198e-06
1.32889e-06
1.34235e-06
1.35216e-06
1.35874e-06
1.36345e-06
1.36865e-06
1.37777e-06
1.39492e-06
1.42393e-06
1.46602e-06
1.51513e-06
1.54981e-06
1.53356e-06
1.42853e-06
1.22083e-06
9.36839e-07
6.33353e-07
3.64624e-07
1.73674e-07
6.05821e-08
1.05029e-06
1.97165e-06
2.17113e-06
2.10449e-06
1.92088e-06
1.70807e-06
1.5172e-06
1.37077e-06
1.2719e-06
1.21317e-06
1.18386e-06
1.17433e-06
1.17759e-06
1.18905e-06
1.20574e-06
1.22561e-06
1.24709e-06
1.26884e-06
1.28968e-06
1.30854e-06
1.32451e-06
1.33698e-06
1.34575e-06
1.35127e-06
1.35484e-06
1.35878e-06
1.36638e-06
1.38161e-06
1.40814e-06
1.44708e-06
1.49254e-06
1.52429e-06
1.50742e-06
1.40494e-06
1.20229e-06
9.23944e-07
6.25269e-07
3.60152e-07
1.72706e-07
6.55622e-08
1.04616e-06
1.96593e-06
2.16603e-06
2.1009e-06
1.91885e-06
1.70728e-06
1.51722e-06
1.37126e-06
1.2726e-06
1.21391e-06
1.18454e-06
1.17489e-06
1.178e-06
1.18929e-06
1.20578e-06
1.22544e-06
1.24668e-06
1.26817e-06
1.28872e-06
1.30726e-06
1.32288e-06
1.33497e-06
1.34334e-06
1.34845e-06
1.35159e-06
1.35505e-06
1.36207e-06
1.37658e-06
1.40217e-06
1.43991e-06
1.48393e-06
1.51446e-06
1.49723e-06
1.39562e-06
1.19486e-06
9.18698e-07
6.21947e-07
3.58308e-07
1.72588e-07
6.91658e-08
1.04447e-06
1.96402e-06
2.16438e-06
2.09974e-06
1.9182e-06
1.70703e-06
1.51723e-06
1.37142e-06
1.27282e-06
1.21415e-06
1.18476e-06
1.17507e-06
1.17813e-06
1.18936e-06
1.20579e-06
1.22538e-06
1.24654e-06
1.26795e-06
1.2884e-06
1.30683e-06
1.32234e-06
1.3343e-06
1.34254e-06
1.34751e-06
1.3505e-06
1.3538e-06
1.36063e-06
1.37489e-06
1.40016e-06
1.4375e-06
1.48101e-06
1.51113e-06
1.49376e-06
1.39245e-06
1.19233e-06
9.1692e-07
6.20834e-07
3.57702e-07
1.72608e-07
7.01209e-08
)
;

boundaryField
{
    inlet
    {
        type            turbulentIntensityKineticEnergyInlet;
        intensity       0.05;
        value           uniform 3.05078e-06;
    }
    outlet
    {
        type            zeroGradient;
    }
    hopper_outlet
    {
        type            zeroGradient;
    }
    Wall
    {
        type            kqRWallFunction;
        value           nonuniform List<scalar> 
129
(
6.40159e-05
8.20115e-05
0.000103215
0.000121395
0.000137731
0.000152179
0.000165288
0.00017757
0.000189368
0.00020081
0.000211866
0.000222399
0.000232156
0.000237963
0.000243315
0.000248647
0.00025423
0.000260215
0.000266609
0.000273335
0.000280241
0.000287127
0.000293758
0.000299877
0.000305216
0.000309485
0.00031234
0.000313353
0.000312027
0.000307869
0.000300341
0.000288553
0.000271928
0.000261417
0.000248647
0.000231841
0.000211329
0.000187795
0.000162823
0.000138333
0.000115967
9.65113e-05
7.98998e-05
6.56639e-05
5.33935e-05
4.24668e-05
2.72774e-05
6.1713e-06
9.82128e-06
8.54315e-06
9.6783e-06
9.80667e-06
9.55821e-06
8.98758e-06
8.2408e-06
7.42414e-06
6.55566e-06
5.66198e-06
4.78437e-06
3.94924e-06
3.19835e-06
2.51993e-06
2.13544e-06
1.84724e-06
1.61191e-06
1.42493e-06
1.29324e-06
1.22339e-06
9.77548e-06
5.09457e-06
3.81075e-06
3.07471e-06
2.57616e-06
2.22426e-06
1.96663e-06
1.77184e-06
1.62084e-06
1.5015e-06
1.4058e-06
1.32816e-06
1.26465e-06
1.21239e-06
1.16929e-06
1.13376e-06
1.10466e-06
1.08118e-06
1.06292e-06
1.05029e-06
1.04616e-06
1.04447e-06
2.03511e-08
2.33838e-08
2.81706e-08
3.34783e-08
3.90072e-08
4.4663e-08
5.04181e-08
5.62685e-08
6.22227e-08
6.83011e-08
7.45379e-08
8.0985e-08
8.77175e-08
9.45264e-08
1.00729e-07
1.0596e-07
1.10017e-07
1.12789e-07
1.14228e-07
1.14326e-07
1.12861e-07
1.10229e-07
1.06578e-07
1.02069e-07
9.68641e-08
9.11316e-08
8.50576e-08
7.88494e-08
7.27398e-08
6.69863e-08
6.18637e-08
5.76469e-08
5.45855e-08
5.28745e-08
5.26291e-08
5.38744e-08
5.65618e-08
6.05821e-08
6.55622e-08
)
;
    }
    bottom
    {
        type            slip;
    }
    top
    {
        type            symmetryPlane;
    }
    front
    {
        type            wedge;
    }
    back
    {
        type            wedge;
    }
}


// ************************************************************************* //
