/*--------------------------------*- C++ -*----------------------------------*\
| =========                 |                                                 |
| \\      /  F ield         | OpenFOAM: The Open Source CFD Toolbox           |
|  \\    /   O peration     | Version:  2312                                  |
|   \\  /    A nd           | Website:  www.openfoam.com                      |
|    \\/     M anipulation  |                                                 |
\*---------------------------------------------------------------------------*/
FoamFile
{
    version     2.0;
    format      ascii;
    arch        "LSB;label=32;scalar=64";
    class       volScalarField;
    location    "13117.4";
    object      nut;
}
// * * * * * * * * * * * * * * * * * * * * * * * * * * * * * * * * * * * * * //

dimensions      [0 2 -1 0 0 0 0];

internalField   nonuniform List<scalar> 
3780
(
1.82489e-05
9.56557e-05
0.000182565
0.00025996
0.000327044
0.000385279
0.000437238
0.000487229
0.000542102
0.000610778
0.000700039
0.000806598
0.000918918
0.00102227
0.00110348
0.0011493
0.0011503
0.0011096
0.00103414
0.000935091
0.000837423
0.000759194
0.000691784
0.000638811
0.000600362
0.000574
0.000556639
0.000545908
0.000540411
0.000539305
0.00054182
0.000547162
0.000554633
0.000563582
0.000573288
0.000583798
0.000595262
0.000607319
0.000617555
0.000621711
2.18561e-05
0.000122048
0.00023859
0.000341874
0.000429605
0.000502894
0.000563905
0.000616333
0.000666398
0.000723023
0.000794104
0.000880187
0.000973404
0.00106
0.0011257
0.00115647
0.00114424
0.00109094
0.00100396
0.000895388
0.000791408
0.00071029
0.000642608
0.000591217
0.000555365
0.000532037
0.000517915
0.00051061
0.000508589
0.000510848
0.000516503
0.000524172
0.000532852
0.000541821
0.000550629
0.000559863
0.000568638
0.000575807
0.000579818
0.000578947
2.59551e-05
0.000154585
0.000304887
0.000437752
0.000550457
0.000643812
0.000719117
0.000778429
0.000825539
0.000867109
0.000912788
0.000967395
0.00103
0.00109178
0.00113902
0.00115848
0.00113826
0.00107812
0.000984378
0.000868539
0.000758488
0.00067291
0.000602067
0.000549137
0.000513413
0.000491788
0.000480904
0.000478362
0.000482834
0.000493181
0.000505428
0.000517166
0.000526959
0.000534108
0.000538735
0.000541546
0.000543277
0.000544739
0.000546015
0.000545046
2.9808e-05
0.000181026
0.000363611
0.000526922
0.000666653
0.000783141
0.000876932
0.000948694
0.000999981
0.00103458
0.00106038
0.00108464
0.00111134
0.0011395
0.00116153
0.00116569
0.00114058
0.00107904
0.000985538
0.000871613
0.000765161
0.00068207
0.000612715
0.000561172
0.000527924
0.000510386
0.000505103
0.000509305
0.000521311
0.000537184
0.000551771
0.000562447
0.000567911
0.000567818
0.000562793
0.00055448
0.000545244
0.000537839
0.000533579
0.000530549
3.36347e-05
0.000205123
0.000418101
0.000610728
0.000777171
0.000917459
0.00103165
0.00111942
0.0011806
0.00121636
0.00123138
0.00123401
0.00122932
0.00122136
0.00121046
0.00119159
0.00115607
0.00109547
0.00100779
0.000902669
0.000808293
0.000736453
0.000676772
0.000631896
0.000602646
0.000587497
0.000583745
0.000588961
0.000601648
0.000615747
0.000625969
0.00062989
0.000626591
0.000616123
0.000599424
0.000578505
0.000556469
0.000537667
0.000524971
0.000517261
3.74662e-05
0.000226147
0.000466554
0.000686067
0.000877409
0.00104054
0.00117537
0.00128099
0.00135602
0.00139954
0.00141292
0.00140467
0.00137888
0.00134093
0.001296
0.0012468
0.00119169
0.00112588
0.00104552
0.000954332
0.000876811
0.000820723
0.000775434
0.000741341
0.000717896
0.000703016
0.000694867
0.000693187
0.000698586
0.000704028
0.000704183
0.000696912
0.00068172
0.000659013
0.000629888
0.000596331
0.000561521
0.000530615
0.000507961
0.000493981
4.13921e-05
0.000245272
0.000510014
0.000752961
0.000965873
0.00114908
0.00130277
0.00142595
0.00151664
0.00157261
0.00159301
0.00158153
0.00154432
0.00148596
0.00141303
0.00133298
0.00125181
0.00117191
0.00109292
0.00101624
0.000957143
0.000917563
0.000887306
0.000864466
0.000846973
0.00083242
0.000817928
0.000804385
0.000797435
0.000789571
0.000775593
0.000753856
0.000724436
0.000688189
0.000646362
0.000600697
0.000553959
0.000511472
0.000478412
0.000457195
4.54941e-05
0.00026389
0.000550243
0.000812607
0.0010426
0.00124152
0.00141028
0.00154824
0.00165327
0.0017223
0.00175264
0.00174455
0.00170445
0.00163551
0.00154384
0.00143877
0.00133162
0.00123268
0.00114815
0.00108072
0.00103748
0.00101196
0.000993487
0.000979138
0.000965803
0.000950772
0.000931548
0.000905814
0.000886614
0.000864649
0.0008352
0.000797519
0.000752562
0.000701918
0.000647216
0.000590008
0.000532397
0.000479214
0.000435708
0.000406446
4.98344e-05
0.000283419
0.000589341
0.000867033
0.00110909
0.00131844
0.00149721
0.00164548
0.00176138
0.00184149
0.00188182
0.00188025
0.0018425
0.00177018
0.00166823
0.00154621
0.0014183
0.00130099
0.00120772
0.00114392
0.0011104
0.00109324
0.001081
0.00106924
0.0010553
0.00103673
0.00101134
0.000977193
0.000951942
0.000919095
0.000876699
0.000825119
0.000765919
0.000701348
0.000633737
0.000565023
0.000497029
0.000433933
0.000380406
0.000342614
5.44506e-05
0.000304966
0.000628943
0.000917962
0.00116701
0.00138135
0.00156465
0.00171801
0.00184018
0.00192781
0.00197631
0.00198229
0.00194804
0.00187588
0.0017695
0.00163805
0.00149696
0.00136658
0.00126585
0.00120275
0.0011732
0.00115777
0.00114386
0.00112729
0.00110562
0.00107746
0.00104295
0.00100676
0.000973974
0.000933371
0.000884181
0.00082614
0.000759633
0.000685991
0.000607535
0.00052715
0.000447885
0.000374808
0.000312875
0.00026823
5.93604e-05
0.000329775
0.000670487
0.000966673
0.00121768
0.00143164
0.0016139
0.00176666
0.00188942
0.0019793
0.00203157
0.00204187
0.00201141
0.00194193
0.0018358
0.00170189
0.00155622
0.00142064
0.00131625
0.00125159
0.00122026
0.00120083
0.00117954
0.00115228
0.00111719
0.00107422
0.00102623
0.00098139
0.000942263
0.000897773
0.00084675
0.000788132
0.000720655
0.00064377
0.000558589
0.000468379
0.000378478
0.000297195
0.000232894
0.000189362
6.45663e-05
0.000358862
0.000714699
0.00101383
0.00126263
0.00147234
0.00164984
0.00179829
0.00191786
0.00200586
0.00205689
0.00206544
0.00203539
0.00196724
0.00186342
0.00173343
0.00159359
0.00146481
0.00136563
0.00130143
0.00126472
0.00123567
0.00120089
0.00115752
0.00110545
0.0010479
0.000993477
0.000944508
0.000896474
0.000845568
0.000788491
0.000721788
0.000643373
0.000553969
0.000457662
0.00036102
0.000271293
0.000196083
0.000144884
0.000116543
6.68553e-05
0.000390702
0.000756271
0.00105069
0.00129086
0.00149069
0.00165815
0.00179761
0.00191076
0.00199665
0.00205154
0.00206934
0.00204778
0.00199101
0.0019025
0.00179081
0.00166857
0.00155082
0.00145074
0.00137355
0.00132186
0.00127985
0.00123542
0.00118502
0.0011269
0.00106159
0.000993815
0.000935853
0.000885036
0.000832048
0.000766872
0.000680409
0.000572041
0.000449426
0.000326935
0.000220617
0.000142173
9.36002e-05
6.51895e-05
4.75198e-05
6.55132e-05
0.000380433
0.000735515
0.00101917
0.00124896
0.00143927
0.00159813
0.00173103
0.00184105
0.00192899
0.00199366
0.00203074
0.00203346
0.00200314
0.00194015
0.00184967
0.0017433
0.00163449
0.00153498
0.00145117
0.00139219
0.00134558
0.00130064
0.00125444
0.00120548
0.00115347
0.00109903
0.00104331
0.000986471
0.000929041
0.000872479
0.000807006
0.000717342
0.000588261
0.000437044
0.000297795
0.000193647
0.00013438
0.000106564
9.30999e-05
6.405e-05
0.000367454
0.000711271
0.000984099
0.00120258
0.00138102
0.00152848
0.00165096
0.00175278
0.00183536
0.00190024
0.00194584
0.00196732
0.00195886
0.00192677
0.00186553
0.00178307
0.00169104
0.0016004
0.00151836
0.001457
0.00140759
0.00136047
0.00131326
0.00126451
0.00121367
0.00116104
0.0011077
0.00105523
0.00100565
0.000961076
0.000921873
0.00088486
0.000842985
0.000790793
0.000730413
0.00066929
0.000614662
0.000569873
0.000535
6.25297e-05
0.000354924
0.000687597
0.000949875
0.00115728
0.00132377
0.00145847
0.00156771
0.00165639
0.00172845
0.00178721
0.00183244
0.00186294
0.00187321
0.00186487
0.00183371
0.00177968
0.00171089
0.00163656
0.00156366
0.00150494
0.00145603
0.00140845
0.00136061
0.00131139
0.00126025
0.0012072
0.00115272
0.00109767
0.00104328
0.000991128
0.000942857
0.000899643
0.000861213
0.000825415
0.000789526
0.000752284
0.000714387
0.000677392
0.000642647
6.09863e-05
0.000343554
0.000666166
0.000918938
0.00111611
0.00127113
0.00139289
0.0014878
0.00156119
0.00161798
0.00166266
0.00169908
0.00172842
0.00174754
0.00175008
0.00174828
0.00172527
0.0016845
0.00163267
0.00157563
0.00152482
0.00148029
0.00143505
0.00138825
0.00133924
0.00128777
0.00123394
0.0011782
0.00112125
0.001064
0.00100753
0.000952984
0.00090153
0.00085418
0.000811509
0.000773425
0.000739195
0.000707772
0.000678196
0.000649786
5.94338e-05
0.000333605
0.000647683
0.000892478
0.00108089
0.0012257
0.0013354
0.00141615
0.00147329
0.00151213
0.0015383
0.00155747
0.00157461
0.00159231
0.00160619
0.00161711
0.00161948
0.00160622
0.00157951
0.00154258
0.00150371
0.0014667
0.00142634
0.00138241
0.00133481
0.00128368
0.00122939
0.00117255
0.00111396
0.00105448
0.000995057
0.000936636
0.000880124
0.000826362
0.000776078
0.000729821
0.000687887
0.000650258
0.000616579
0.000586193
5.78674e-05
0.000325033
0.000632237
0.000870827
0.00105236
0.00118891
0.00128841
0.00135652
0.00139815
0.00141842
0.00142329
0.00141972
0.00141514
0.00141589
0.00142472
0.00143173
0.00145783
0.00147122
0.00146966
0.00145391
0.00142839
0.00139993
0.00136527
0.00132479
0.00127893
0.00122832
0.00117373
0.00111607
0.00105632
0.000995482
0.000934536
0.000874401
0.00081591
0.000759784
0.000706615
0.000656861
0.000610835
0.000568698
0.000530432
0.000495792
5.62734e-05
0.000317611
0.000619487
0.000853638
0.00103034
0.00116097
0.00125285
0.001311
0.00133958
0.00134299
0.00132666
0.00129769
0.00126504
0.001239
0.00122874
0.00123838
0.00126067
0.00128877
0.00130499
0.00130556
0.00129043
0.00126813
0.00123714
0.00119842
0.00115304
0.00110217
0.00104702
0.000988821
0.000928761
0.000867963
0.000807439
0.000748096
0.000690744
0.000636079
0.000584619
0.00053671
0.000492555
0.000452222
0.000415764
0.000383011
5.46332e-05
0.000310991
0.000608794
0.000840081
0.00101392
0.00114105
0.00122825
0.00127985
0.00129916
0.00128953
0.0012552
0.00120217
0.00113901
0.00107743
0.00103166
0.00101433
0.00102898
0.00106472
0.00109168
0.00110152
0.00109059
0.00106915
0.00103716
0.000996546
0.000949253
0.000897043
0.000841488
0.000784021
0.000725953
0.000668453
0.000612432
0.000558499
0.000507259
0.000459889
0.000417051
0.000378427
0.000343767
0.000312824
0.000285212
0.000260728
5.29266e-05
0.000304745
0.000599328
0.000828992
0.00100168
0.00112757
0.00121298
0.00126166
0.00127611
0.00125862
0.00121202
0.0011405
0.00105069
0.000952854
0.000862091
0.000797262
0.000772401
0.000781738
0.000819917
0.000843895
0.00083774
0.000815365
0.000779829
0.000734969
0.000684844
0.00063289
0.000580497
0.000528775
0.000478716
0.000432241
0.000391001
0.000354458
0.000322362
0.000293927
0.000268639
0.000246092
0.000225941
0.000207877
0.000191622
0.000176993
5.1135e-05
0.000298418
0.000590168
0.000819023
0.000991858
0.00111839
0.00120456
0.00125368
0.00126765
0.00124783
0.00119579
0.00111394
0.00100646
0.000880536
0.000748204
0.00062827
0.000543304
0.000501517
0.000485145
0.000478394
0.000476627
0.000476315
0.000473584
0.000454032
0.00040224
0.000362856
0.000331676
0.000304326
0.000280024
0.000258162
0.000238562
0.000221111
0.000205635
0.000191903
0.000179667
0.000168703
0.000158809
0.000149816
0.000141581
0.000134015
4.92425e-05
0.000291559
0.000580379
0.000808766
0.000982567
0.00111109
0.0012
0.00125234
0.00126955
0.00125239
0.00120148
0.00111788
0.0010037
0.000863122
0.00070395
0.000540373
0.000396062
0.000299326
0.000253235
0.000229453
0.0002156
0.000206467
0.000197283
0.00018554
0.000170109
0.000154999
0.000141886
0.000130587
0.000120713
0.000112005
0.000104317
9.75506e-05
9.16095e-05
8.63908e-05
8.17972e-05
7.77441e-05
7.41602e-05
7.09853e-05
6.81678e-05
6.56675e-05
4.72369e-05
0.000283764
0.000569099
0.000796878
0.000971934
0.0011032
0.00119616
0.00125366
0.0012769
0.00126624
0.00122172
0.00114354
0.00103252
0.000890777
0.000722931
0.000538311
0.00035547
0.000208314
0.000134254
0.000116081
0.00010858
0.000104354
0.000101574
9.96434e-05
9.83513e-05
9.77174e-05
9.77872e-05
9.84296e-05
9.94365e-05
0.000100631
0.000101899
0.000103169
0.000104397
0.000105549
0.000106602
0.000107536
0.000108333
0.000108972
0.000109433
0.000109688
4.5109e-05
0.000274692
0.000555584
0.000782162
0.000958259
0.00109245
0.0011901
0.00125392
0.00128496
0.00128334
0.00124876
0.00118089
0.0010798
0.000946564
0.000784118
0.000599136
0.000406074
0.000235611
0.000140201
0.000150481
0.000186965
0.000201137
0.000205405
0.000207001
0.000207907
0.000208822
0.000209848
0.000210932
0.00021194
0.00021267
0.00021306
0.000213118
0.000212879
0.000212383
0.000211672
0.000210777
0.000209727
0.000208541
0.000207233
0.000205804
4.28499e-05
0.000264054
0.000539168
0.000763524
0.000939982
0.0010768
0.00117923
0.00124991
0.00128982
0.00129888
0.00127652
0.00122201
0.00113486
0.00101532
0.000865155
0.000689165
0.000498454
0.000317769
0.000195222
0.000182042
0.000238184
0.000277037
0.000292369
0.000296174
0.000295479
0.000293035
0.000289815
0.00028615
0.000282223
0.000278225
0.000274261
0.000270509
0.000267022
0.000263819
0.000260892
0.000258226
0.000255799
0.000253595
0.000251595
0.000249777
4.04503e-05
0.000251557
0.000519154
0.000739802
0.000915442
0.00105406
0.00116086
0.00123847
0.00128782
0.00130874
0.00130044
0.00126182
0.00119187
0.00109003
0.000956875
0.000795295
0.000613046
0.000428432
0.000279851
0.00022283
0.000260761
0.000308307
0.000332646
0.000339811
0.000339035
0.000335003
0.000329637
0.00032369
0.000317463
0.000311088
0.000304649
0.000298265
0.000292102
0.000286471
0.000281453
0.000277035
0.00027315
0.000269717
0.000266653
0.000263876
3.79025e-05
0.000236941
0.000494836
0.000709743
0.000882776
0.00102173
0.0011318
0.00121572
0.00127445
0.00130782
0.00131494
0.0012945
0.00124501
0.00116519
0.00105446
0.000913815
0.000747711
0.000567988
0.000400916
0.000294256
0.000287195
0.000325649
0.000356368
0.000368148
0.000368505
0.000363878
0.000357324
0.000350061
0.000342528
0.000334869
0.00032713
0.000319335
0.000311533
0.000303824
0.000296508
0.00029005
0.000284582
0.000280058
0.000276316
0.00027311
3.52053e-05
0.000220103
0.000465741
0.000672317
0.000840263
0.000977262
0.00108861
0.00117717
0.00124409
0.00128935
0.00131216
0.00131115
0.00128461
0.00123074
0.001148
0.00103572
0.000895274
0.000732487
0.000561566
0.000414573
0.000344289
0.000342519
0.000365534
0.00038115
0.000382761
0.000376026
0.000365989
0.000355199
0.000344719
0.00033493
0.000325898
0.000317526
0.000309622
0.000301961
0.000294338
0.000286632
0.000279441
0.000273555
0.000269432
0.000267218
3.23603e-05
0.000201182
0.000431866
0.000627156
0.000787007
0.000919056
0.00102871
0.00111904
0.00119147
0.0012463
0.00128302
0.00130049
0.00129711
0.00127092
0.00121983
0.00114196
0.00103619
0.00090333
0.00074826
0.000587208
0.000465337
0.000399954
0.000375745
0.000376662
0.000378838
0.000371184
0.000355458
0.000336133
0.000316104
0.000296745
0.000278657
0.000262139
0.000247419
0.000234725
0.000224241
0.000215975
0.000209432
0.000203815
0.000200226
0.000200235
2.93568e-05
0.000180446
0.000393424
0.000574366
0.000722939
0.000846671
0.000951017
0.00103924
0.00111308
0.00117322
0.00121962
0.00125157
0.0012678
0.00126654
0.00124564
0.00120276
0.00113565
0.00104247
0.000922778
0.000781559
0.000650502
0.000550233
0.000470332
0.000415735
0.000383994
0.000365111
0.00034738
0.000324035
0.000293917
0.000258415
0.000219549
0.000180009
0.000143564
0.000113946
9.25604e-05
7.8231e-05
6.90483e-05
6.35638e-05
6.0158e-05
5.7968e-05
2.7337e-05
0.000160063
0.000353363
0.000518177
0.000653577
0.0007666
0.000862521
0.000944647
0.00101495
0.00107441
0.00112353
0.0011622
0.00118965
0.0012044
0.00120425
0.00118644
0.00114787
0.00108549
0.000997068
0.000882317
0.000764869
0.000664825
0.000571665
0.000491657
0.000428764
0.000382223
0.000345945
0.000311841
0.000274724
0.00023402
0.000192082
0.000152248
0.000117687
9.02484e-05
6.95966e-05
5.37363e-05
4.03525e-05
2.77213e-05
1.55653e-05
6.06616e-06
2.68034e-05
0.000153891
0.0003399
0.000495061
0.00061993
0.000722396
0.000808034
0.000880115
0.000940761
0.000991464
0.00103324
0.00106663
0.00109153
0.00110698
0.00111111
0.00110125
0.00107431
0.00102738
0.000959303
0.000869408
0.000774821
0.000691335
0.000609201
0.00053251
0.00046485
0.000408201
0.000361756
0.000321826
0.000283578
0.00024369
0.000201883
0.000160689
0.000124175
9.60444e-05
7.77175e-05
6.77157e-05
6.23338e-05
5.62984e-05
4.24868e-05
7.65223e-06
2.614e-05
0.000149518
0.000328644
0.000473171
0.000586531
0.00067758
0.000751975
0.00081304
0.000862952
0.00090343
0.000936008
0.000961976
0.000982089
0.000996191
0.00100293
0.000999823
0.000983639
0.000951193
0.000901234
0.000832459
0.000757593
0.000689889
0.000621342
0.000554801
0.000492962
0.000437936
0.000390568
0.000349822
0.000312843
0.000276189
0.000237931
0.000199196
0.000164017
0.000136502
0.000117116
0.000103315
9.11812e-05
7.62488e-05
5.07537e-05
7.13705e-06
2.52414e-05
0.000143035
0.000314193
0.000447807
0.000550088
0.000630623
0.000694886
0.000745882
0.000785649
0.000816054
0.000839099
0.000856825
0.000870903
0.00088203
0.000889389
0.000890547
0.000881997
0.00086046
0.000824936
0.000773787
0.000716382
0.000663589
0.000609307
0.000555652
0.000504628
0.000457927
0.000416505
0.000380062
0.000346787
0.000314004
0.000279825
0.000245385
0.000213742
0.000187141
0.000165445
0.000146343
0.000126182
0.00010003
6.09375e-05
7.59609e-06
2.40985e-05
0.000134679
0.000296468
0.000418432
0.00050987
0.000580753
0.000636002
0.00067808
0.000708757
0.000729978
0.000744175
0.000754147
0.000762535
0.000770937
0.000779027
0.000784248
0.000782597
0.000770534
0.000746819
0.000709945
0.000667002
0.000626931
0.000585376
0.00054401
0.000504324
0.000467493
0.000434081
0.000403711
0.000374997
0.000346134
0.000316019
0.000285023
0.000255343
0.00022796
0.00020246
0.000177043
0.000148742
0.000113298
6.48482e-05
7.6464e-06
2.27169e-05
0.000123815
0.000274304
0.00038403
0.00046529
0.000527818
0.000575578
0.000610301
0.000633415
0.000646903
0.000653609
0.000657096
0.000660981
0.00066774
0.000677388
0.000687001
0.000691909
0.000688187
0.000674286
0.000648963
0.000617902
0.000588427
0.000557621
0.000526787
0.000496954
0.00046878
0.000442389
0.000417259
0.000392359
0.000366614
0.000339484
0.000311205
0.000282458
0.0002539
0.000225238
0.00019502
0.000160829
0.000119115
6.53862e-05
7.54882e-06
2.11527e-05
0.000110287
0.000247104
0.000344236
0.000416264
0.000471894
0.000513752
0.000542719
0.000559858
0.0005672
0.000568032
0.000566726
0.000567913
0.000574864
0.000587674
0.000602699
0.000614362
0.00061819
0.000612136
0.000595846
0.000574102
0.000552922
0.000530463
0.000507681
0.0004852
0.000463287
0.000441813
0.000420292
0.000398052
0.000374515
0.000349426
0.000322881
0.000295117
0.000266194
0.00023563
0.000202432
0.000164728
0.000119614
6.38211e-05
7.31994e-06
1.94973e-05
9.47948e-05
0.000215384
0.000299889
0.000363779
0.000413947
0.000451407
0.000476118
0.000488774
0.000491487
0.000488045
0.000483719
0.000484181
0.000493337
0.000510934
0.000532127
0.000550177
0.000560157
0.000560121
0.000550639
0.000535838
0.000520737
0.000504244
0.00048703
0.000469442
0.00045155
0.000433176
0.000413977
0.000393569
0.000371655
0.000348099
0.000322899
0.00029606
0.000267428
0.000236507
0.00020232
0.000163251
0.000116943
6.12116e-05
7.00919e-06
1.78516e-05
7.91644e-05
0.000181168
0.000253128
0.000309749
0.000355592
0.000389889
0.000411604
0.000421036
0.000420402
0.000414082
0.000408358
0.000409973
0.000423185
0.00044679
0.000474203
0.000497507
0.00051182
0.000515902
0.000511158
0.000501169
0.000490206
0.00047767
0.000464035
0.00044951
0.000434109
0.000417705
0.000400099
0.000381087
0.000360513
0.000338283
0.00031433
0.000288539
0.000260651
0.000230149
0.000196149
0.000157296
0.000111726
5.78249e-05
6.6528e-06
1.62853e-05
6.57736e-05
0.000147707
0.000207038
0.000256675
0.000298833
0.000330876
0.000350597
0.000357791
0.000354783
0.000346649
0.000340837
0.000345165
0.000363832
0.000393937
0.000426749
0.000453577
0.00047024
0.000476622
0.000474811
0.000467896
0.000459582
0.000449556
0.000438176
0.000425594
0.00041183
0.000396822
0.000380471
0.000362672
0.000343334
0.000322375
0.00029969
0.000275109
0.000248333
0.000218858
0.000185904
0.000148328
0.000104622
5.36599e-05
6.25154e-06
1.48169e-05
5.62898e-05
0.000118403
0.000164845
0.000207057
0.000245614
0.000276042
0.000294616
0.00030034
0.000295583
0.000286239
0.000281152
0.000289266
0.00031423
0.000350624
0.000387383
0.000415758
0.000432891
0.000440071
0.00043978
0.000434661
0.000427967
0.000419522
0.000409608
0.000398356
0.0003858
0.000371926
0.000356692
0.000340044
0.000321921
0.000302244
0.000280896
0.00025769
0.000232329
0.000204354
0.000173087
0.000137569
9.65624e-05
4.92563e-05
5.8098e-06
1.34323e-05
5.09726e-05
9.55854e-05
0.000129212
0.0001631
0.00019761
0.000226903
0.000245258
0.00025025
0.000244029
0.000233382
0.000228904
0.000240954
0.000272249
0.000314086
0.000353143
0.000381407
0.000397853
0.000404898
0.000405203
0.000401046
0.000395319
0.000387889
0.000378988
0.000368731
0.000357166
0.000344302
0.000330126
0.00031461
0.000297708
0.000279348
0.000259416
0.000237734
0.00021403
0.000187904
0.000158778
0.000125845
8.80692e-05
4.4811e-05
5.34058e-06
1.2112e-05
4.86153e-05
7.93436e-05
0.000101497
0.000126678
0.000156516
0.000185253
0.000204967
0.00021059
0.000203261
0.000190391
0.000184667
0.000198781
0.000235039
0.000281142
0.000321454
0.000348942
0.000364279
0.000370747
0.000371097
0.000367369
0.000362187
0.000355412
0.000347239
0.000337771
0.000327058
0.000315121
0.000301959
0.000287558
0.000271881
0.000254867
0.000236413
0.000216363
0.000194484
0.000170434
0.000143728
0.000113684
7.94184e-05
4.03803e-05
4.85212e-06
1.0802e-05
4.54429e-05
6.53644e-05
7.91171e-05
9.67956e-05
0.000121698
0.000150831
0.000175209
0.000185179
0.000178828
0.000163116
0.000152411
0.000162812
0.000199157
0.00024759
0.000289408
0.000316946
0.000331736
0.000337737
0.00033794
0.000334361
0.000329476
0.00032313
0.000315498
0.000306672
0.000296701
0.000285611
0.000273409
0.000260087
0.000245619
0.000229953
0.000213004
0.000194643
0.000174674
0.000152815
0.000128658
0.000101625
7.09425e-05
3.60939e-05
4.36653e-06
8.65663e-06
3.4901e-05
4.63617e-05
5.57745e-05
6.79116e-05
8.62187e-05
0.000114074
0.000146185
0.000166777
0.00016633
0.000149342
0.000132108
0.000134066
0.000164717
0.000212782
0.00025661
0.000285489
0.000300591
0.000306531
0.000306701
0.000303223
0.000298541
0.000292509
0.000285295
0.000276994
0.000267657
0.000257317
0.000245987
0.000233667
0.000220338
0.000205961
0.000190469
0.000173755
0.000155658
0.000135944
0.000114269
9.01336e-05
6.28587e-05
3.19673e-05
3.87584e-06
1.34296e-05
1.854e-05
2.6189e-05
3.6151e-05
4.66222e-05
5.5835e-05
7.21445e-05
0.000103405
0.000134201
0.000142826
0.000127384
0.000110088
0.000114499
0.000149695
0.000200213
0.000242827
0.000269218
0.000282575
0.000287585
0.000287293
0.00028361
0.000278877
0.000272895
0.000265825
0.000257762
0.000248761
0.000238856
0.000228063
0.000216387
0.000203814
0.000190312
0.000175823
0.000160254
0.000143463
0.00012524
0.00010527
8.30896e-05
5.80472e-05
2.96238e-05
3.56792e-06
1.53216e-05
2.0379e-05
2.79336e-05
3.77706e-05
4.70399e-05
5.37539e-05
6.57707e-05
9.05812e-05
0.000117194
0.000124134
0.000108485
9.58986e-05
0.000109853
0.000152922
0.000203587
0.000241543
0.000263821
0.000274678
0.000278258
0.000277086
0.000272861
0.000267801
0.000261601
0.00025441
0.000246315
0.00023737
0.000227609
0.000217049
0.000205693
0.000193531
0.000180534
0.000166649
0.000151792
0.000135831
0.000118569
9.97067e-05
7.87932e-05
5.51713e-05
2.82315e-05
3.3184e-06
2.10169e-05
2.71968e-05
3.53426e-05
4.38016e-05
4.93904e-05
5.30186e-05
6.3834e-05
8.45941e-05
0.000104614
0.000104835
8.92365e-05
8.8173e-05
0.000119407
0.000171076
0.000216822
0.000246884
0.000263516
0.000271025
0.000272611
0.000270142
0.000265085
0.000259491
0.000252898
0.000245434
0.000237174
0.000228165
0.000218438
0.000208006
0.000196874
0.000185032
0.000172451
0.000159083
0.000144845
0.000129612
0.000113186
9.52678e-05
7.53914e-05
5.28637e-05
2.70111e-05
3.0998e-06
2.70088e-05
3.3849e-05
4.12892e-05
4.67612e-05
4.82996e-05
5.19983e-05
6.47146e-05
8.16362e-05
9.21302e-05
8.42905e-05
7.74237e-05
0.000101478
0.000152544
0.000202087
0.00023673
0.000257348
0.000267923
0.000271783
0.000271081
0.000267063
0.000260996
0.000254736
0.000247634
0.000239791
0.000231265
0.000222094
0.0002123
0.000201895
0.000190879
0.00017924
0.000166952
0.000153962
0.000140188
0.000125497
0.000109686
9.24334e-05
7.32452e-05
5.13881e-05
2.61669e-05
2.91444e-06
3.48716e-05
3.9726e-05
4.33381e-05
4.40015e-05
4.50441e-05
5.46146e-05
6.90956e-05
7.7049e-05
7.4604e-05
7.12492e-05
9.94757e-05
0.0001528
0.000201911
0.000236581
0.000258095
0.000269972
0.000275162
0.000275695
0.000272843
0.000267351
0.000260341
0.000253457
0.000245874
0.000237662
0.000228864
0.000219506
0.000209602
0.00019916
0.000188176
0.000176637
0.000164511
0.000151743
0.000138243
0.000123867
0.00010839
9.14649e-05
7.25554e-05
5.08877e-05
2.57757e-05
2.77648e-06
3.93659e-05
3.93388e-05
3.71301e-05
3.74922e-05
4.74274e-05
6.8197e-05
7.58098e-05
6.154e-05
6.96198e-05
0.000111555
0.000165475
0.000209944
0.000241314
0.000261702
0.000273825
0.000279878
0.000281482
0.000279766
0.000275456
0.000268983
0.000261372
0.000254102
0.000246227
0.000237794
0.000228831
0.000219357
0.00020938
0.000198903
0.000187922
0.000176418
0.000164357
0.000151679
0.000138287
0.000124024
0.00010865
9.17884e-05
7.28719e-05
5.10938e-05
2.57783e-05
2.70044e-06
3.66147e-05
8.57319e-05
0.00051297
0.00061462
0.000624594
0.000560054
0.000465732
0.000354279
0.000239236
0.000163508
0.000126784
6.33631e-05
0.00010991
0.00020429
0.000247917
0.000260916
0.000269606
0.000266053
0.00020581
5.62599e-05
3.32148e-05
3.69506e-05
4.56334e-05
4.98677e-05
2.63265e-05
1.6954e-05
1.14862e-05
7.9223e-06
5.51544e-06
3.94804e-06
3.05071e-06
2.12915e-06
1.35609e-06
7.93732e-07
4.03387e-07
2.57385e-07
2.0428e-07
2.08118e-07
2.85545e-07
4.1483e-07
8.92011e-07
5.13354e-07
4.6531e-07
3.71066e-07
3.26255e-07
2.89086e-07
2.57406e-07
2.31748e-07
2.10872e-07
1.95064e-07
1.8572e-07
1.8443e-07
1.9319e-07
2.29198e-07
3.15718e-07
8.05135e-07
2.09262e-05
3.48916e-05
2.5894e-05
9.84178e-06
8.26295e-05
7.95796e-05
7.53198e-05
7.18693e-05
6.92748e-05
6.69044e-05
6.39249e-05
6.00594e-05
5.531e-05
4.98422e-05
4.3893e-05
3.77611e-05
3.18053e-05
2.66677e-05
2.28912e-05
2.0488e-05
1.95627e-05
2.05089e-05
2.31811e-05
2.79784e-05
3.40522e-05
3.46179e-05
3.08326e-05
2.82983e-05
2.58236e-05
2.34676e-05
2.12938e-05
1.92516e-05
1.73023e-05
1.54685e-05
1.37977e-05
1.22975e-05
1.08898e-05
9.80715e-06
8.91877e-06
8.25899e-06
3.04977e-05
3.76211e-05
2.76172e-05
1.06115e-05
0.000474728
0.000475019
0.000470969
0.000464901
0.000467551
0.000475295
0.000482485
0.000485498
0.000482081
0.000470839
0.000451227
0.000422274
0.00038698
0.000349902
0.000314723
0.000289452
0.000280613
0.000287485
0.0003095
0.000338858
0.000359373
0.000339143
0.000313371
0.000288974
0.000265591
0.000243663
0.000223179
0.000203797
0.000185043
0.000166644
0.000148493
0.000130231
0.000110267
8.94279e-05
6.84606e-05
4.81537e-05
4.46233e-05
4.24874e-05
3.07559e-05
1.17148e-05
0.000541233
0.000489883
0.000474943
0.000474705
0.000482393
0.000495197
0.000508702
0.00051786
0.000518883
0.000508728
0.000485227
0.0004532
0.00041702
0.000380981
0.000349177
0.000325566
0.000314563
0.00031925
0.000334957
0.000355715
0.000363065
0.000345725
0.000322824
0.000300209
0.00028044
0.000263443
0.000248731
0.00023551
0.000222668
0.000209158
0.000194217
0.000177051
0.000154562
0.000128165
9.99259e-05
7.19418e-05
5.62642e-05
4.78689e-05
3.44297e-05
1.28453e-05
0.000546421
0.000478555
0.000439653
0.000424949
0.000424919
0.000432234
0.000441292
0.00044721
0.000446325
0.000436522
0.000417403
0.000392254
0.000364755
0.000338109
0.000314993
0.000297589
0.000288373
0.000290104
0.000300977
0.000312937
0.000317931
0.000308921
0.000294927
0.000280184
0.000267557
0.000257427
0.00024944
0.000242771
0.000236037
0.000227701
0.000216525
0.000201296
0.000179904
0.000153101
0.000121933
8.92402e-05
6.63877e-05
5.34556e-05
3.83715e-05
1.39461e-05
0.000477676
0.000411332
0.000366462
0.00034038
0.000327976
0.000322634
0.00031861
0.000311917
0.000300581
0.000284569
0.000265833
0.000247423
0.000231964
0.000220157
0.000212291
0.000208317
0.000208483
0.000213558
0.000223409
0.000234485
0.000239958
0.000239546
0.000237469
0.000235347
0.000234153
0.000233914
0.000234392
0.000235108
0.000234967
0.000232599
0.000226579
0.000215189
0.000196445
0.000170554
0.000138667
0.00010343
7.56436e-05
5.90839e-05
4.24254e-05
1.50091e-05
0.000370343
0.000302696
0.000259389
0.000231527
0.000212895
0.000198271
0.000183572
0.000166645
0.000147522
0.000127434
0.000109519
9.69849e-05
9.04549e-05
8.95981e-05
9.28757e-05
9.93042e-05
0.000107888
0.000117818
0.000128304
0.000140048
0.000151298
0.000162877
0.000175825
0.000188892
0.000200701
0.000210537
0.000218408
0.000224612
0.000229217
0.00023151
0.000230035
0.000222839
0.00020764
0.00018383
0.000152354
0.000115525
8.42746e-05
6.4651e-05
4.64958e-05
1.60382e-05
0.000262485
0.000202098
0.00016423
0.000138924
0.000120158
0.000104041
8.84127e-05
7.27808e-05
5.78314e-05
4.58577e-05
3.78603e-05
3.29393e-05
3.04674e-05
3.05947e-05
3.42637e-05
4.09769e-05
4.99474e-05
6.02702e-05
7.13443e-05
8.42994e-05
0.0001037
0.000127652
0.000152196
0.00017408
0.000191958
0.000205685
0.000215659
0.000222777
0.000227655
0.000230742
0.000231332
0.000227208
0.000215391
0.000194182
0.000163879
0.000126472
9.23671e-05
7.00918e-05
5.05196e-05
1.70397e-05
0.000171985
0.000131648
0.000105723
8.68003e-05
7.16205e-05
5.86479e-05
4.72964e-05
3.77048e-05
3.07027e-05
2.6782e-05
2.5471e-05
2.65957e-05
3.01282e-05
3.60963e-05
4.40862e-05
5.34424e-05
6.41766e-05
7.65614e-05
9.15454e-05
0.000110286
0.000131609
0.000153207
0.000172893
0.000189959
0.000204434
0.000216176
0.000224783
0.0002301
0.000232636
0.000233687
0.000233597
0.000230567
0.000221125
0.000202389
0.000173648
0.000136407
0.00010006
7.53639e-05
5.44498e-05
1.80199e-05
0.00011863
9.17577e-05
7.53249e-05
6.2676e-05
5.20405e-05
4.329e-05
3.66597e-05
3.26305e-05
3.17198e-05
3.41095e-05
3.98708e-05
4.8591e-05
5.94036e-05
7.14284e-05
8.41084e-05
9.61222e-05
0.000106785
0.000118136
0.00013181
0.000148512
0.000165555
0.000181595
0.000195866
0.000208568
0.000220137
0.000230328
0.000238106
0.000241884
0.000242046
0.0002403
0.000237996
0.000234317
0.000225934
0.000209092
0.000181948
0.000145342
0.000107642
8.0426e-05
5.82475e-05
1.89858e-05
0.000103753
5.92688e-05
4.70964e-05
4.34968e-05
4.04517e-05
3.80237e-05
3.75639e-05
4.08177e-05
4.7469e-05
5.59859e-05
6.47622e-05
7.29159e-05
8.07843e-05
8.92117e-05
9.87571e-05
0.000109549
0.000121567
0.000134632
0.000148808
0.000164331
0.000179709
0.000193927
0.000206629
0.000218483
0.000230159
0.000241326
0.000250453
0.00025463
0.000253523
0.000249345
0.000244405
0.000239032
0.000230551
0.000214834
0.000189057
0.0001533
0.000114907
8.54098e-05
6.18791e-05
1.99447e-05
5.97914e-05
4.85708e-05
4.35443e-05
4.18082e-05
4.16969e-05
4.67816e-05
4.9182e-05
5.70342e-05
6.48108e-05
7.09343e-05
7.65698e-05
8.24321e-05
8.89586e-05
9.64979e-05
0.00010511
0.000114489
0.000124658
0.000136361
0.000150228
0.000165713
0.000181294
0.000195732
0.000208918
0.000221812
0.000235217
0.000248719
0.000260426
0.000266558
0.000265382
0.000259533
0.000252172
0.000244702
0.000235335
0.000220015
0.000195237
0.000160348
0.000121707
9.03849e-05
6.53001e-05
2.0905e-05
0.000108627
0.00010094
8.93555e-05
7.7074e-05
6.86584e-05
6.58663e-05
6.61326e-05
6.99421e-05
7.56768e-05
8.16299e-05
8.76769e-05
9.41963e-05
0.000101288
0.000108967
0.000116993
0.000124946
0.000132637
0.000141054
0.000151927
0.000165669
0.000180754
0.000195562
0.000209784
0.000224242
0.000239597
0.000255313
0.000269335
0.000277722
0.000276871
0.000269917
0.000260571
0.000251026
0.000240359
0.000224874
0.000200702
0.000166583
0.000127962
9.52281e-05
6.8527e-05
2.1877e-05
0.000199867
0.000193829
0.000176611
0.000152024
0.000128437
0.000111543
0.000102238
9.94219e-05
0.000101171
0.000105702
0.000111909
0.000119079
0.00012656
0.000133829
0.000140613
0.000146733
0.000151832
0.000156461
0.000162776
0.000172818
0.000185976
0.000200385
0.000215244
0.0002308
0.000247261
0.000263959
0.000278932
0.00028854
0.000287772
0.000279913
0.000269002
0.000257619
0.00024553
0.000229515
0.000205605
0.000172103
0.000133644
9.98388e-05
7.15788e-05
2.28353e-05
0.000243332
0.000258473
0.000257635
0.000238546
0.000209785
0.000182059
0.000161638
0.000149804
0.000145278
0.000146099
0.000150358
0.000156404
0.000162904
0.000168941
0.000174123
0.000178327
0.000181207
0.000182914
0.000185223
0.00019096
0.000200951
0.000213912
0.000228437
0.000243954
0.000260042
0.000275953
0.000290067
0.000299109
0.00029798
0.000289171
0.000277024
0.000264127
0.000250682
0.000233951
0.000210042
0.000176994
0.000138758
0.000104145
7.44706e-05
2.37018e-05
0.000254603
0.000282503
0.000303701
0.000304107
0.000284595
0.000255831
0.000228714
0.000209147
0.000198086
0.000194057
0.000194873
0.00019841
0.000202954
0.000207349
0.000211027
0.000213757
0.000215218
0.000215398
0.000215559
0.000218278
0.000225073
0.000235745
0.00024878
0.000262905
0.000277115
0.000290646
0.000302334
0.000309387
0.000307312
0.000297427
0.000284332
0.000270275
0.000255645
0.000238143
0.000214064
0.000181325
0.000143325
0.000108102
7.71777e-05
2.44423e-05
0.000262788
0.000293357
0.00032347
0.000342373
0.000338645
0.000317311
0.000289536
0.000265257
0.000248799
0.000240093
0.000237205
0.000237897
0.000240297
0.000243111
0.000245613
0.000247434
0.000248258
0.000248035
0.000247632
0.000249
0.000253702
0.000262073
0.00027286
0.00028449
0.000295778
0.000306031
0.000314398
0.000318718
0.000315515
0.000304414
0.000290704
0.000275868
0.000260282
0.00024204
0.000217694
0.000185149
0.000147373
0.000111687
7.96688e-05
2.50415e-05
0.000267953
0.00031019
0.000336349
0.000363906
0.000373305
0.000362406
0.000338376
0.000312418
0.000292085
0.000279407
0.000273183
0.000271283
0.000271775
0.000273269
0.000274918
0.000276239
0.00027691
0.000276873
0.000276723
0.00027782
0.000281408
0.000287867
0.000296218
0.000304976
0.000313017
0.000319764
0.000324666
0.000326208
0.000321636
0.000309846
0.00029597
0.000280786
0.000264501
0.000245602
0.000220945
0.000188507
0.000150936
0.000114893
8.19192e-05
2.54926e-05
0.00024718
0.000332697
0.000353891
0.000381218
0.000396772
0.000394099
0.000375244
0.000349697
0.000326865
0.000310983
0.000301926
0.000297831
0.000296745
0.000297192
0.000298219
0.000299257
0.000299964
0.000300268
0.00030057
0.000301774
0.000304731
0.000309648
0.000315718
0.000321696
0.000326656
0.000330168
0.000331904
0.000330889
0.000325453
0.000313588
0.000300007
0.000284961
0.000268264
0.000248817
0.000223839
0.000191445
0.000154053
0.000117733
8.39166e-05
2.57932e-05
0.000163347
0.000348471
0.000375709
0.000400522
0.000416813
0.000417815
0.000402835
0.000378414
0.00035404
0.000335608
0.000324167
0.000318233
0.000315854
0.000315462
0.000316006
0.000316841
0.000317597
0.000318164
0.000318792
0.00032006
0.000322485
0.000326076
0.000330127
0.000333639
0.000335909
0.000336663
0.000335747
0.000332585
0.000326371
0.000315754
0.000302786
0.00028836
0.000271569
0.000251705
0.000226419
0.000194021
0.000156781
0.000120233
8.56637e-05
2.59432e-05
5.92208e-05
0.000332796
0.000395535
0.000425303
0.000438306
0.000436525
0.000420877
0.000396263
0.000371046
0.000351333
0.000338655
0.00033174
0.000328652
0.000327782
0.000328037
0.000328741
0.000329506
0.000330197
0.000330967
0.000332185
0.000334134
0.000336664
0.000339114
0.000340669
0.000340816
0.00033942
0.000336456
0.000331637
0.000324735
0.000315439
0.000303937
0.000290464
0.000273876
0.00025377
0.000228223
0.00019583
0.000158813
0.000122182
8.69275e-05
2.57496e-05
5.12198e-05
0.000329226
0.000412031
0.000445053
0.000454478
0.000448845
0.000430946
0.000405519
0.000380098
0.000360287
0.000347478
0.00034039
0.000337115
0.000336074
0.000336195
0.000336815
0.000337557
0.000338278
0.000339062
0.000340133
0.000341594
0.000343182
0.000344272
0.000344207
0.000342639
0.00033955
0.000335036
0.000329065
0.000321849
0.000313782
0.000303872
0.000291578
0.000275506
0.000255296
0.000229514
0.000197102
0.000160305
0.000123645
8.77886e-05
2.54485e-05
4.60092e-05
0.000319945
0.000420857
0.000458009
0.000465882
0.000457836
0.000438379
0.000412421
0.000386949
0.000367158
0.00035431
0.00034712
0.000343704
0.000342511
0.000342487
0.000342983
0.000343625
0.000344254
0.000344891
0.000345643
0.000346485
0.000347096
0.000346909
0.000345401
0.000342359
0.000337867
0.000332141
0.000325399
0.000318182
0.000311243
0.000302955
0.000291976
0.000276658
0.000256604
0.000230695
0.000198255
0.000161595
0.000124823
8.83517e-05
2.50247e-05
4.21151e-05
0.000308766
0.000423863
0.000465435
0.000473383
0.000464132
0.000443741
0.000417518
0.000392129
0.000372449
0.000359626
0.000352375
0.000348838
0.000347492
0.000347304
0.000347632
0.000348105
0.000348542
0.00034891
0.000349222
0.000349371
0.000349015
0.000347653
0.00034488
0.000340589
0.000334953
0.000328307
0.000321088
0.000314065
0.000308112
0.000301355
0.000291735
0.000277314
0.000257604
0.000231768
0.000199348
0.000162741
0.000125747
8.86337e-05
2.44911e-05
3.91337e-05
0.000296632
0.000422249
0.000468494
0.000477744
0.00046827
0.000447499
0.00042126
0.000396069
0.000376566
0.000363808
0.000356514
0.000352859
0.00035135
0.000350971
0.000351092
0.000351338
0.000351509
0.000351522
0.000351323
0.000350753
0.000349473
0.000347054
0.000343189
0.000337857
0.000331307
0.000323982
0.0003165
0.000309771
0.000304648
0.000299249
0.000290952
0.000277511
0.00025827
0.000232665
0.00020041
0.0001638
0.000126452
8.86565e-05
2.386e-05
3.67981e-05
0.000284471
0.000417429
0.000468341
0.000479689
0.00047073
0.000450043
0.000424006
0.000399111
0.00037983
0.000367154
0.00035982
0.000356038
0.000354348
0.000353754
0.000353634
0.00035361
0.000353462
0.000353069
0.000352327
0.000351049
0.000348915
0.000345565
0.000340774
0.000334592
0.00032733
0.000319525
0.000311928
0.000305521
0.000301072
0.000296811
0.00028974
0.000277308
0.000258635
0.000233334
0.000201401
0.000164817
0.000126976
8.84472e-05
2.3145e-05
3.49287e-05
0.000273027
0.000410753
0.000466023
0.000479874
0.00047194
0.000451696
0.000426042
0.000401517
0.000382483
0.000369892
0.000362508
0.000358586
0.000356695
0.000355864
0.000355477
0.000355152
0.000354654
0.000353831
0.000352546
0.000350598
0.000347697
0.000343544
0.000337986
0.000331127
0.000323331
0.000315207
0.000307592
0.000301488
0.000297559
0.000294208
0.000288223
0.000276782
0.000258744
0.000233813
0.000202254
0.0001658
0.000127365
8.80393e-05
2.23622e-05
3.34075e-05
0.000262719
0.000403277
0.000462393
0.000478867
0.000472268
0.000452723
0.000427586
0.00040348
0.000384702
0.000372188
0.000364741
0.000360661
0.000358554
0.000357468
0.000356795
0.000356153
0.000355291
0.000354037
0.00035223
0.000349669
0.000346094
0.000341266
0.00033509
0.000327714
0.000319542
0.000311228
0.000303658
0.000297816
0.00029427
0.000291603
0.000286537
0.000276028
0.000258663
0.000234151
0.000202958
0.000166714
0.000127669
8.74738e-05
2.15325e-05
3.21544e-05
0.000253702
0.000395724
0.000458101
0.000477122
0.000472013
0.000453329
0.000428799
0.000405137
0.000386611
0.000374161
0.000366635
0.000362382
0.000360045
0.000358693
0.000357726
0.000356759
0.000355535
0.000353863
0.000351571
0.000348464
0.000344315
0.000338936
0.000332282
0.000324534
0.000316124
0.000307732
0.000300251
0.000294625
0.000291344
0.000289152
0.000284829
0.000275166
0.000258475
0.000234411
0.000203564
0.000167529
0.000127938
8.68008e-05
2.06834e-05
3.1113e-05
0.00024597
0.000388546
0.00045361
0.000474991
0.000471409
0.00045367
0.000429792
0.000406581
0.000388295
0.000375892
0.000368271
0.000363834
0.00036126
0.000359636
0.000358374
0.000357088
0.000355513
0.000353448
0.000350719
0.000347138
0.000342512
0.000336699
0.000329696
0.00032171
0.000313189
0.000304813
0.000297459
0.000292015
0.000288905
0.000287013
0.00028326
0.000274334
0.000258291
0.000234675
0.000204135
0.000168233
0.000128192
8.60807e-05
1.98502e-05
3.02418e-05
0.00023944
0.000381997
0.00044923
0.000472727
0.000470628
0.000453857
0.000430642
0.00040787
0.000389805
0.000377432
0.000369705
0.000365078
0.000362264
0.000360372
0.000358821
0.000357227
0.000355321
0.000352898
0.000349782
0.000345801
0.000340792
0.000334654
0.00032742
0.000319318
0.000310797
0.000302526
0.000295342
0.000290066
0.000287065
0.00028534
0.000282001
0.000273696
0.000258243
0.000235045
0.000204749
0.000168872
0.00012845
8.53885e-05
1.90775e-05
2.951e-05
0.000233996
0.000376196
0.000445155
0.000470504
0.000469792
0.000453962
0.000431393
0.000409038
0.00039117
0.000378813
0.000370973
0.000366155
0.000363105
0.000360952
0.000359126
0.000357243
0.000355033
0.000352291
0.000348842
0.000344531
0.000339226
0.000332862
0.000325503
0.000317391
0.000308972
0.000300889
0.000293926
0.000288832
0.000285918
0.000284277
0.00028123
0.000273431
0.000258489
0.000235642
0.000205497
0.000169528
0.000128749
8.48096e-05
1.84168e-05
2.8894e-05
0.000229517
0.000371185
0.000441499
0.000468436
0.00046898
0.000454033
0.000432071
0.000410098
0.000392405
0.000380049
0.000372095
0.00036709
0.000363815
0.000361417
0.000359333
0.000357185
0.000354703
0.000351681
0.000347953
0.00034338
0.000337857
0.000331353
0.000323958
0.000315928
0.000307699
0.000299882
0.000293202
0.000288331
0.000285526
0.000283946
0.000281114
0.000273719
0.000259192
0.000236597
0.000206478
0.000170287
0.000129129
8.44252e-05
1.79215e-05
2.83758e-05
0.000225888
0.000366952
0.000438318
0.000466591
0.000468241
0.000454093
0.000432685
0.000411054
0.00039351
0.000381148
0.00037308
0.000367901
0.000364416
0.000361792
0.000359475
0.000357089
0.000354368
0.000351109
0.000347152
0.000342376
0.000336703
0.00033013
0.000322774
0.000314898
0.00030693
0.000299448
0.000293116
0.000288533
0.000285901
0.000284417
0.000281774
0.000274709
0.000260498
0.000238028
0.000207783
0.000171224
0.000129625
8.42893e-05
1.76382e-05
2.79415e-05
0.000223008
0.000363462
0.00043563
0.000465005
0.000467602
0.000454155
0.000433233
0.0004119
0.000394482
0.000382107
0.000373934
0.000368594
0.000364922
0.000362096
0.000359573
0.000356981
0.000354056
0.000350598
0.00034646
0.000341533
0.000335765
0.000329181
0.000321916
0.000314246
0.00030659
0.000299492
0.000293568
0.000289348
0.00028698
0.000285674
0.00028325
0.000276478
0.000262487
0.000240003
0.00020946
0.000172386
0.000130261
8.44113e-05
1.75966e-05
2.75807e-05
0.000220786
0.000360669
0.000433435
0.000463693
0.000467074
0.000454219
0.000433709
0.000412627
0.000395311
0.000382921
0.000374654
0.000369175
0.000365339
0.00036234
0.000359641
0.000356876
0.000353782
0.000350166
0.000345887
0.000340854
0.000335034
0.000328476
0.000321337
0.000313898
0.000306576
0.000299889
0.000294411
0.000290618
0.000288609
0.000287589
0.000285451
0.000278969
0.000265123
0.000242488
0.000211486
0.000173765
0.000131048
8.47679e-05
1.78028e-05
2.7286e-05
0.000219141
0.000358521
0.000431717
0.000462657
0.00046666
0.000454281
0.000434105
0.000413225
0.000395989
0.000383583
0.000375237
0.000369642
0.000365671
0.000362531
0.00035969
0.000356784
0.000353557
0.000349819
0.000345436
0.000340331
0.00033449
0.000327981
0.000320977
0.00031377
0.000306772
0.000300488
0.000295458
0.00029212
0.000290536
0.000289899
0.000288123
0.000281946
0.000268196
0.000245307
0.000213728
0.000175276
0.000131937
8.52947e-05
1.82405e-05
2.70546e-05
0.000217999
0.000356971
0.000430459
0.000461893
0.000466357
0.000454335
0.00043441
0.000413682
0.000396505
0.000384087
0.000375679
0.000369994
0.000365921
0.000362673
0.000359723
0.000356713
0.000353387
0.00034956
0.000345105
0.000339955
0.000334111
0.000327655
0.000320777
0.000313775
0.00030706
0.000301129
0.000296501
0.000293591
0.000292438
0.000292225
0.000290852
0.000284987
0.000271305
0.00024812
0.000215931
0.000176752
0.000132823
8.58914e-05
1.88768e-05
2.68935e-05
0.000217294
0.000355978
0.000429646
0.000461398
0.000466164
0.000454377
0.000434619
0.00041399
0.000396853
0.000384424
0.000375974
0.000370229
0.000366087
0.000362766
0.000359745
0.000356665
0.000353274
0.000349389
0.000344889
0.000339714
0.000333874
0.000327464
0.000320681
0.000313832
0.000307328
0.00030166
0.000297338
0.000294765
0.000293968
0.000294131
0.000293125
0.000287538
0.000273909
0.000250462
0.000217749
0.000177964
0.000133556
8.64401e-05
1.96367e-05
2.6847e-05
0.000217078
0.000355646
0.000429368
0.000461227
0.000466096
0.000454392
0.000434693
0.000414101
0.000396978
0.000384546
0.000376081
0.000370315
0.000366147
0.0003628
0.000359752
0.000356646
0.000353231
0.000349325
0.000344809
0.000339626
0.000333788
0.000327397
0.000320653
0.000313865
0.000307446
0.000301885
0.000297689
0.000295254
0.000294609
0.000294945
0.000294114
0.00028866
0.00027506
0.000251493
0.000218542
0.000178486
0.000133867
8.67152e-05
2.41069e-05
2.68253e-05
0.000216998
0.000355535
0.000429275
0.000461171
0.000466074
0.000454397
0.000434717
0.000414137
0.000397019
0.000384586
0.000376117
0.000370343
0.000366167
0.000362811
0.000359754
0.00035664
0.000353217
0.000349305
0.000344784
0.000339597
0.000333761
0.000327376
0.000320646
0.000313878
0.000307488
0.000301964
0.00029781
0.000295424
0.000294832
0.000295232
0.000294466
0.000289065
0.000275478
0.00025187
0.000218835
0.000178681
0.000133985
8.68266e-05
2.57784e-05
)
;

boundaryField
{
    inlet
    {
        type            calculated;
        value           uniform 3.68582e-05;
    }
    outlet
    {
        type            calculated;
        value           nonuniform List<scalar> 2(2.41069e-05 2.57784e-05);
    }
    hopper_outlet
    {
        type            calculated;
        value           nonuniform List<scalar> 
40
(
1.82489e-05
9.56557e-05
0.000182565
0.00025996
0.000327044
0.000385279
0.000437238
0.000487229
0.000542102
0.000610778
0.000700039
0.000806598
0.000918918
0.00102227
0.00110348
0.0011493
0.0011503
0.0011096
0.00103414
0.000935091
0.000837423
0.000759194
0.000691784
0.000638811
0.000600362
0.000574
0.000556639
0.000545908
0.000540411
0.000539305
0.00054182
0.000547162
0.000554633
0.000563582
0.000573288
0.000583798
0.000595262
0.000607319
0.000617555
0.000621711
)
;
    }
    Wall
    {
        type            nutkWallFunction;
        blending        stepwise;
        value           nonuniform List<scalar> 
129
(
2.00182e-06
2.49173e-06
3.03589e-06
3.53747e-06
4.02765e-06
4.51158e-06
5.00124e-06
5.5069e-06
6.03607e-06
6.59293e-06
7.1792e-06
7.79472e-06
8.06355e-06
7.90606e-06
7.73395e-06
7.55465e-06
7.3721e-06
7.18793e-06
7.00155e-06
6.81128e-06
6.61484e-06
6.40971e-06
6.19352e-06
5.96418e-06
5.71999e-06
5.45954e-06
5.18143e-06
4.8841e-06
4.56609e-06
4.22656e-06
3.86494e-06
3.47883e-06
3.2163e-06
3.14653e-06
3.05962e-06
2.94131e-06
2.79017e-06
2.60618e-06
2.39608e-06
2.17148e-06
1.94571e-06
1.72826e-06
1.52192e-06
1.32467e-06
1.13404e-06
9.41928e-07
6.20052e-07
2.18774e-07
4.68938e-07
3.88607e-07
4.60259e-07
4.68051e-07
4.52913e-07
4.17271e-07
3.68607e-07
3.12396e-07
2.48569e-07
1.77585e-07
1.0128e-07
2.07505e-08
0
0
0
0
0
0
0
0
6.80824e-06
7.16061e-06
6.20199e-06
5.56832e-06
5.08919e-06
4.71878e-06
4.42621e-06
4.19042e-06
3.99741e-06
3.8376e-06
3.7042e-06
3.59219e-06
3.49779e-06
3.4181e-06
3.35089e-06
3.29445e-06
3.24748e-06
3.20906e-06
3.17885e-06
3.15779e-06
3.15172e-06
3.14888e-06
8.00863e-07
9.15414e-07
1.0776e-06
1.24151e-06
1.3992e-06
1.54989e-06
1.69444e-06
1.83392e-06
1.96943e-06
2.102e-06
2.23275e-06
2.36288e-06
2.4938e-06
2.62214e-06
2.73759e-06
2.8358e-06
2.91497e-06
2.97438e-06
3.01388e-06
3.03351e-06
3.00797e-06
2.96825e-06
2.91226e-06
2.84161e-06
2.7578e-06
2.66252e-06
2.55779e-06
2.44628e-06
2.3316e-06
2.2185e-06
2.11309e-06
2.02255e-06
1.95444e-06
1.91543e-06
1.90978e-06
1.93831e-06
1.99865e-06
2.08595e-06
2.18967e-06
)
;
    }
    bottom
    {
        type            slip;
    }
    top
    {
        type            symmetryPlane;
    }
    front
    {
        type            wedge;
    }
    back
    {
        type            wedge;
    }
}


// ************************************************************************* //
