# Region      : all region0
# Cells       : 3780
# Volume      : 6.336836e+01
# Time        	volAverage(alpha.sludge)
0.119999      	7.039044e-10
0.263997      	3.004256e-09
0.436794      	6.016032e-09
0.644151      	9.539858e-09
0.892974      	1.368371e-08
1.19155       	1.857993e-08
1.54984       	2.438986e-08
1.97978       	3.130860e-08
2.49567       	3.956980e-08
3.11471       	4.945186e-08
3.85752       	6.128483e-08
4.7489        	7.546165e-08
5.81854       	9.251023e-08
7.10206       	1.129621e-07
8.64213       	1.374948e-07
10.4901       	1.669189e-07
12.7077       	2.022114e-07
15.369        	2.446435e-07
18.5119       	2.947533e-07
22.1295       	3.524404e-07
26.2164       	4.176010e-07
30.7628       	4.901813e-07
35.301        	5.626568e-07
39.8061       	6.346211e-07
44.3113       	7.065912e-07
48.8453       	7.790238e-07
53.4255       	8.521953e-07
58.0485       	9.260496e-07
62.7019       	1.000379e-06
67.3774       	1.075039e-06
72.0662       	1.149878e-06
76.755        	1.224784e-06
81.4393       	1.299568e-06
86.1148       	1.374225e-06
90.7813       	1.448757e-06
95.439        	1.523157e-06
100.088       	1.597425e-06
104.737       	1.671689e-06
109.386       	1.745946e-06
114.039       	1.820266e-06
118.692       	1.894576e-06
123.35        	1.968943e-06
128.012       	2.043309e-06
132.674       	2.117569e-06
137.337       	2.190962e-06
141.994       	2.260795e-06
146.652       	2.322910e-06
151.31        	2.375648e-06
155.963       	2.420494e-06
160.367       	2.458103e-06
164.245       	2.489217e-06
167.859       	2.517387e-06
171.358       	2.544708e-06
174.837       	2.572546e-06
178.336       	2.601648e-06
181.83        	2.631962e-06
185.197       	2.662339e-06
188.474       	2.692906e-06
191.699       	2.723676e-06
194.898       	2.754784e-06
198.097       	2.786373e-06
201.314       	2.818507e-06
204.567       	2.851294e-06
207.872       	2.884789e-06
211.242       	2.919047e-06
214.685       	2.954079e-06
218.203       	2.989849e-06
221.801       	3.026340e-06
225.48        	3.063517e-06
229.236       	3.101327e-06
233.074       	3.139788e-06
236.991       	3.178878e-06
240.987       	3.218586e-06
245.061       	3.258924e-06
249.214       	3.299909e-06
253.437       	3.341489e-06
257.725       	3.383642e-06
262.072       	3.426343e-06
266.471       	3.469556e-06
270.915       	3.513237e-06
275.398       	3.557332e-06
279.915       	3.601819e-06
284.462       	3.646669e-06
289.04        	3.691889e-06
293.641       	3.737395e-06
298.269       	3.783228e-06
302.919       	3.829340e-06
307.579       	3.875592e-06
312.239       	3.921885e-06
316.899       	3.968210e-06
321.558       	4.014563e-06
326.218       	4.060935e-06
330.878       	4.107322e-06
335.538       	4.153719e-06
340.198       	4.200123e-06
344.857       	4.246437e-06
349.517       	4.292749e-06
354.177       	4.339055e-06
358.837       	4.385356e-06
363.497       	4.431650e-06
368.156       	4.477937e-06
372.816       	4.524216e-06
377.476       	4.570490e-06
382.136       	4.616758e-06
386.796       	4.663021e-06
391.455       	4.709282e-06
396.115       	4.755541e-06
400.775       	4.801799e-06
405.435       	4.848060e-06
410.095       	4.894323e-06
414.754       	4.940590e-06
419.414       	4.986863e-06
424.074       	5.033143e-06
428.734       	5.079431e-06
433.394       	5.125727e-06
438.053       	5.172032e-06
442.713       	5.218348e-06
447.373       	5.264674e-06
452.033       	5.311012e-06
456.693       	5.357362e-06
461.352       	5.403723e-06
466.012       	5.450098e-06
470.672       	5.496485e-06
475.332       	5.542885e-06
479.992       	5.589299e-06
484.651       	5.635726e-06
489.311       	5.682167e-06
493.971       	5.728623e-06
498.631       	5.775092e-06
503.291       	5.821575e-06
507.95        	5.868073e-06
512.61        	5.914584e-06
517.27        	5.961109e-06
521.93        	6.007647e-06
526.59        	6.054199e-06
531.249       	6.100764e-06
535.909       	6.147341e-06
540.569       	6.193931e-06
545.229       	6.240532e-06
549.889       	6.287144e-06
554.548       	6.333767e-06
559.208       	6.380398e-06
563.868       	6.427039e-06
568.528       	6.473688e-06
573.188       	6.520343e-06
577.847       	6.567005e-06
582.507       	6.613671e-06
587.167       	6.660342e-06
591.827       	6.707015e-06
596.487       	6.753690e-06
601.146       	6.800366e-06
605.806       	6.847042e-06
610.466       	6.893715e-06
615.126       	6.940386e-06
619.786       	6.987052e-06
624.445       	7.033713e-06
629.105       	7.080368e-06
633.765       	7.127014e-06
638.425       	7.173652e-06
643.085       	7.220279e-06
647.744       	7.266894e-06
652.404       	7.313497e-06
657.064       	7.360086e-06
661.724       	7.406659e-06
666.384       	7.453217e-06
671.043       	7.499757e-06
675.703       	7.546280e-06
680.363       	7.592784e-06
685.023       	7.639268e-06
689.683       	7.685732e-06
694.343       	7.732175e-06
699.002       	7.778597e-06
703.662       	7.824997e-06
708.322       	7.871375e-06
712.982       	7.917731e-06
717.642       	7.964064e-06
722.301       	8.010376e-06
726.961       	8.056665e-06
731.621       	8.102932e-06
736.281       	8.149177e-06
740.941       	8.195400e-06
745.6         	8.241602e-06
750.26        	8.287782e-06
754.92        	8.333942e-06
759.58        	8.380082e-06
764.24        	8.426202e-06
768.899       	8.472303e-06
773.559       	8.518386e-06
778.219       	8.564451e-06
782.879       	8.610500e-06
787.539       	8.656532e-06
792.198       	8.702548e-06
796.858       	8.748550e-06
801.518       	8.794538e-06
806.178       	8.840512e-06
810.838       	8.886474e-06
815.497       	8.932423e-06
820.157       	8.978362e-06
824.817       	9.024289e-06
829.477       	9.070207e-06
834.137       	9.116116e-06
838.796       	9.162016e-06
843.456       	9.207908e-06
848.116       	9.253792e-06
852.776       	9.299669e-06
857.436       	9.345539e-06
862.095       	9.391404e-06
866.755       	9.437262e-06
871.415       	9.483115e-06
876.075       	9.528964e-06
880.735       	9.574808e-06
885.394       	9.620647e-06
890.054       	9.666483e-06
894.714       	9.712314e-06
899.374       	9.758142e-06
904.034       	9.803967e-06
908.693       	9.849788e-06
913.353       	9.895606e-06
918.013       	9.941420e-06
922.673       	9.987231e-06
927.333       	1.003304e-05
931.992       	1.007884e-05
936.652       	1.012464e-05
941.312       	1.017044e-05
945.972       	1.021624e-05
950.632       	1.026203e-05
955.291       	1.030781e-05
959.951       	1.035360e-05
964.611       	1.039938e-05
969.271       	1.044515e-05
973.931       	1.049092e-05
978.59        	1.053668e-05
983.25        	1.058244e-05
987.91        	1.062820e-05
992.57        	1.067395e-05
997.23        	1.071969e-05
1001.89       	1.076543e-05
1006.55       	1.081116e-05
1011.21       	1.085689e-05
1015.87       	1.090261e-05
1020.53       	1.094832e-05
1025.19       	1.099402e-05
1029.85       	1.103972e-05
1034.51       	1.108541e-05
1039.17       	1.113109e-05
1043.83       	1.117676e-05
1048.49       	1.122242e-05
1053.15       	1.126807e-05
1057.81       	1.131372e-05
1062.47       	1.135935e-05
1067.13       	1.140498e-05
1071.79       	1.145059e-05
1076.45       	1.149619e-05
1081.11       	1.154179e-05
1085.77       	1.158737e-05
1090.43       	1.163294e-05
1095.09       	1.167850e-05
1099.75       	1.172404e-05
1104.41       	1.176958e-05
1109.06       	1.181510e-05
1113.72       	1.186061e-05
1118.38       	1.190611e-05
1123.04       	1.195159e-05
1127.7        	1.199706e-05
1132.36       	1.204251e-05
1137.02       	1.208796e-05
1141.68       	1.213339e-05
1146.34       	1.217880e-05
1151          	1.222420e-05
1155.66       	1.226958e-05
1160.32       	1.231495e-05
1164.98       	1.236031e-05
1169.64       	1.240564e-05
1174.3        	1.245097e-05
1178.96       	1.249627e-05
1183.62       	1.254157e-05
1188.28       	1.258684e-05
1192.94       	1.263210e-05
1197.6        	1.267734e-05
1202.26       	1.272257e-05
1206.92       	1.276777e-05
1211.58       	1.281296e-05
1216.24       	1.285814e-05
1220.9        	1.290330e-05
1225.56       	1.294844e-05
1230.22       	1.299356e-05
1234.88       	1.303866e-05
1239.54       	1.308375e-05
1244.2        	1.312882e-05
1248.86       	1.317387e-05
1253.52       	1.321890e-05
1258.18       	1.326392e-05
1262.84       	1.330892e-05
1267.5        	1.335390e-05
1272.16       	1.339886e-05
1276.82       	1.344380e-05
1281.48       	1.348872e-05
1286.14       	1.353362e-05
1290.8        	1.357851e-05
1295.46       	1.362338e-05
1300.12       	1.366822e-05
1304.78       	1.371305e-05
1309.44       	1.375786e-05
1314.1        	1.380265e-05
1318.76       	1.384742e-05
1323.42       	1.389217e-05
1328.08       	1.393690e-05
1332.74       	1.398162e-05
1337.4        	1.402631e-05
1342.06       	1.407098e-05
1346.71       	1.411564e-05
1351.37       	1.416027e-05
1356.03       	1.420489e-05
1360.69       	1.424948e-05
1365.35       	1.429406e-05
1370.01       	1.433862e-05
1374.67       	1.438315e-05
1379.33       	1.442767e-05
1383.99       	1.447217e-05
1388.65       	1.451665e-05
1393.31       	1.456111e-05
1397.97       	1.460555e-05
1402.63       	1.464998e-05
1407.29       	1.469438e-05
1411.95       	1.473877e-05
1416.61       	1.478313e-05
1421.27       	1.482748e-05
1425.93       	1.487180e-05
1430.59       	1.491611e-05
1435.25       	1.496040e-05
1439.91       	1.500467e-05
1444.57       	1.504892e-05
1449.23       	1.509315e-05
1453.89       	1.513736e-05
1458.55       	1.518155e-05
1463.21       	1.522573e-05
1467.87       	1.526988e-05
1472.53       	1.531402e-05
1477.19       	1.535814e-05
1481.85       	1.540223e-05
1486.51       	1.544631e-05
1491.17       	1.549037e-05
1495.83       	1.553441e-05
1500.49       	1.557843e-05
1505.15       	1.562243e-05
1509.81       	1.566641e-05
1514.47       	1.571037e-05
1519.13       	1.575430e-05
1523.79       	1.579822e-05
1528.45       	1.584212e-05
1533.11       	1.588600e-05
1537.77       	1.592985e-05
1542.43       	1.597369e-05
1547.09       	1.601750e-05
1551.75       	1.606129e-05
1556.41       	1.610506e-05
1561.07       	1.614880e-05
1565.73       	1.619252e-05
1570.39       	1.623622e-05
1575.05       	1.627989e-05
1579.7        	1.632354e-05
1584.36       	1.636716e-05
1589.02       	1.641076e-05
1593.68       	1.645433e-05
1598.34       	1.649787e-05
1603          	1.654138e-05
1607.66       	1.658487e-05
1612.32       	1.662833e-05
1616.98       	1.667176e-05
1621.64       	1.671517e-05
1626.3        	1.675854e-05
1630.96       	1.680188e-05
1635.62       	1.684519e-05
1640.28       	1.688847e-05
1644.94       	1.693172e-05
1649.6        	1.697494e-05
1654.26       	1.701812e-05
1658.92       	1.706127e-05
1663.58       	1.710439e-05
1668.24       	1.714747e-05
1672.9        	1.719052e-05
1677.56       	1.723353e-05
1682.22       	1.727651e-05
1686.88       	1.731945e-05
1691.54       	1.736235e-05
1696.2        	1.740522e-05
1700.86       	1.744805e-05
1705.52       	1.749084e-05
1710.18       	1.753360e-05
1714.84       	1.757632e-05
1719.5        	1.761900e-05
1724.16       	1.766164e-05
1728.82       	1.770424e-05
1733.48       	1.774680e-05
1738.14       	1.778933e-05
1742.8        	1.783182e-05
1747.46       	1.787427e-05
1752.12       	1.791668e-05
1756.78       	1.795905e-05
1761.44       	1.800138e-05
1766.1        	1.804367e-05
1770.76       	1.808593e-05
1775.42       	1.812814e-05
1780.08       	1.817032e-05
1784.74       	1.821245e-05
1789.4        	1.825455e-05
1794.06       	1.829661e-05
1798.72       	1.833864e-05
1803.38       	1.838062e-05
1808.04       	1.842257e-05
1812.7        	1.846448e-05
1817.35       	1.850635e-05
1822.01       	1.854819e-05
1826.67       	1.858998e-05
1831.33       	1.863174e-05
1835.99       	1.867347e-05
1840.65       	1.871516e-05
1845.31       	1.875681e-05
1849.97       	1.879842e-05
1854.63       	1.884000e-05
1859.29       	1.888154e-05
1863.95       	1.892296e-05
1868.61       	1.896436e-05
1873.27       	1.900573e-05
1877.93       	1.904707e-05
1882.59       	1.908838e-05
1887.25       	1.912965e-05
1891.91       	1.917090e-05
1896.57       	1.921211e-05
1901.23       	1.925328e-05
1905.89       	1.929442e-05
1910.55       	1.933553e-05
1915.21       	1.937660e-05
1919.87       	1.941763e-05
1924.53       	1.945863e-05
1929.19       	1.949959e-05
1933.85       	1.954052e-05
1938.51       	1.958141e-05
1943.17       	1.962226e-05
1947.83       	1.966308e-05
1952.49       	1.970386e-05
1957.15       	1.974460e-05
1961.81       	1.978531e-05
1966.47       	1.982598e-05
1971.13       	1.986661e-05
1975.79       	1.990720e-05
1980.45       	1.994775e-05
1985.11       	1.998825e-05
1989.77       	2.002871e-05
1994.43       	2.006912e-05
1999.09       	2.010947e-05
2003.75       	2.014976e-05
2008.41       	2.019000e-05
2013.07       	2.023017e-05
2017.73       	2.027028e-05
2022.39       	2.031032e-05
2027.05       	2.035029e-05
2031.71       	2.039019e-05
2036.37       	2.043002e-05
2041.03       	2.046977e-05
2045.69       	2.050945e-05
2050.35       	2.054905e-05
2055          	2.058856e-05
2059.66       	2.062799e-05
2064.32       	2.066732e-05
2068.98       	2.070654e-05
2073.64       	2.074566e-05
2078.3        	2.078467e-05
2082.96       	2.082357e-05
2087.62       	2.086234e-05
2092.28       	2.090100e-05
2096.94       	2.093954e-05
2101.6        	2.097795e-05
2106.26       	2.101624e-05
2110.92       	2.105440e-05
2115.58       	2.109242e-05
2120.24       	2.113030e-05
2124.9        	2.116801e-05
2129.56       	2.120555e-05
2134.22       	2.124291e-05
2138.88       	2.128007e-05
2143.54       	2.131704e-05
2148.2        	2.135379e-05
2152.86       	2.139025e-05
2157.52       	2.142648e-05
2162.18       	2.146246e-05
2166.84       	2.149819e-05
2171.5        	2.153366e-05
2176.16       	2.156886e-05
2180.82       	2.160377e-05
2185.48       	2.163839e-05
2190.14       	2.167271e-05
2194.8        	2.170672e-05
2199.46       	2.174041e-05
2204.12       	2.177378e-05
2208.78       	2.180681e-05
2213.44       	2.183950e-05
2218.1        	2.187181e-05
2222.76       	2.190374e-05
2227.42       	2.193528e-05
2232.08       	2.196639e-05
2236.74       	2.199706e-05
2241.4        	2.202727e-05
2246.06       	2.205701e-05
2250.72       	2.208626e-05
2255.38       	2.211501e-05
2260.04       	2.214326e-05
2264.7        	2.217097e-05
2269.36       	2.219827e-05
2274.02       	2.222500e-05
2278.68       	2.225117e-05
2283.34       	2.227676e-05
2287.99       	2.230176e-05
2292.65       	2.232618e-05
2297.31       	2.235000e-05
2301.97       	2.237324e-05
2306.63       	2.239587e-05
2311.29       	2.241790e-05
2315.95       	2.243932e-05
2320.61       	2.246015e-05
2325.27       	2.248038e-05
2329.93       	2.250004e-05
2334.59       	2.251913e-05
2339.25       	2.253767e-05
2343.91       	2.255568e-05
2348.57       	2.257318e-05
2353.23       	2.259020e-05
2357.89       	2.260674e-05
2362.55       	2.262285e-05
2367.21       	2.263855e-05
2371.87       	2.265387e-05
2376.53       	2.266883e-05
2381.19       	2.268348e-05
2385.85       	2.269784e-05
2390.51       	2.271194e-05
2395.17       	2.272581e-05
2399.83       	2.273950e-05
2404.49       	2.275306e-05
2409.15       	2.276648e-05
2413.81       	2.277986e-05
2418.47       	2.279325e-05
2423.13       	2.280669e-05
2427.79       	2.282020e-05
2432.45       	2.283383e-05
2437.11       	2.284759e-05
2441.77       	2.286150e-05
2446.43       	2.287559e-05
2451.09       	2.288986e-05
2455.75       	2.290433e-05
2460.41       	2.291900e-05
2465.07       	2.293388e-05
2469.73       	2.294898e-05
2474.39       	2.296428e-05
2479.05       	2.297981e-05
2483.71       	2.299554e-05
2488.37       	2.301150e-05
2493.03       	2.302766e-05
2497.69       	2.304404e-05
2502.35       	2.306064e-05
2507.01       	2.307744e-05
2511.67       	2.309445e-05
2516.33       	2.311168e-05
2520.99       	2.312910e-05
2525.64       	2.314674e-05
2530.3        	2.316457e-05
2534.96       	2.318260e-05
2539.62       	2.320083e-05
2544.28       	2.321926e-05
2548.94       	2.323788e-05
2553.6        	2.325670e-05
2558.26       	2.327571e-05
2562.92       	2.329490e-05
2567.58       	2.331428e-05
2572.24       	2.333385e-05
2576.9        	2.335359e-05
2581.56       	2.337352e-05
2586.22       	2.339366e-05
2590.88       	2.341397e-05
2595.54       	2.343444e-05
2600.2        	2.345508e-05
2604.86       	2.347587e-05
2609.52       	2.349681e-05
2614.18       	2.351790e-05
2618.84       	2.353915e-05
2623.5        	2.356053e-05
2628.16       	2.358205e-05
2632.82       	2.360371e-05
2637.48       	2.362549e-05
2642.14       	2.364741e-05
2646.8        	2.366944e-05
2651.46       	2.369160e-05
2656.12       	2.371386e-05
2660.78       	2.373624e-05
2665.44       	2.375872e-05
2670.1        	2.378130e-05
2674.76       	2.380398e-05
2679.42       	2.382676e-05
2684.08       	2.384962e-05
2688.74       	2.387256e-05
2693.4        	2.389558e-05
2698.06       	2.391866e-05
2702.72       	2.394181e-05
2707.38       	2.396502e-05
2712.04       	2.398828e-05
2716.7        	2.401159e-05
2721.36       	2.403494e-05
2726.02       	2.405832e-05
2730.68       	2.408174e-05
2735.34       	2.410518e-05
2740          	2.412863e-05
2744.66       	2.415210e-05
2749.32       	2.417558e-05
2753.98       	2.419906e-05
2758.64       	2.422253e-05
2763.29       	2.424600e-05
2767.95       	2.426946e-05
2772.61       	2.429291e-05
2777.27       	2.431633e-05
2781.93       	2.433974e-05
2786.59       	2.436313e-05
2791.25       	2.438649e-05
2795.91       	2.440983e-05
2800.57       	2.443315e-05
2805.23       	2.445644e-05
2809.89       	2.447971e-05
2814.55       	2.450296e-05
2819.21       	2.452619e-05
2823.87       	2.454940e-05
2828.53       	2.457260e-05
2833.19       	2.459579e-05
2837.85       	2.461898e-05
2842.51       	2.464216e-05
2847.17       	2.466533e-05
2851.83       	2.468851e-05
2856.49       	2.471169e-05
2861.15       	2.473487e-05
2865.81       	2.475807e-05
2870.47       	2.478127e-05
2875.13       	2.480449e-05
2879.79       	2.482772e-05
2884.45       	2.485097e-05
2889.11       	2.487423e-05
2893.77       	2.489750e-05
2898.43       	2.492080e-05
2903.09       	2.494411e-05
2907.75       	2.496744e-05
2912.41       	2.499079e-05
2917.07       	2.501415e-05
2921.73       	2.503753e-05
2926.39       	2.506092e-05
2931.05       	2.508434e-05
2935.71       	2.510776e-05
2940.37       	2.513121e-05
2945.03       	2.515466e-05
2949.69       	2.517813e-05
2954.35       	2.520162e-05
2959.01       	2.522511e-05
2963.67       	2.524861e-05
2968.33       	2.527212e-05
2972.99       	2.529564e-05
2977.65       	2.531916e-05
2982.31       	2.534268e-05
2986.97       	2.536621e-05
2991.63       	2.538975e-05
2996.28       	2.541328e-05
3000.94       	2.543681e-05
3005.6        	2.546033e-05
3010.26       	2.548386e-05
3014.92       	2.550737e-05
3019.58       	2.553088e-05
3024.24       	2.555439e-05
3028.9        	2.557788e-05
3033.56       	2.560137e-05
3038.22       	2.562484e-05
3042.88       	2.564831e-05
3047.54       	2.567176e-05
3052.2        	2.569521e-05
3056.86       	2.571864e-05
3061.52       	2.574207e-05
3066.18       	2.576548e-05
3070.84       	2.578889e-05
3075.5        	2.581230e-05
3080.16       	2.583569e-05
3084.82       	2.585909e-05
3089.48       	2.588249e-05
3094.14       	2.590589e-05
3098.8        	2.592929e-05
3103.46       	2.595271e-05
3108.12       	2.597613e-05
3112.78       	2.599956e-05
3117.44       	2.602301e-05
3122.1        	2.604646e-05
3126.76       	2.606994e-05
3131.42       	2.609342e-05
3136.08       	2.611692e-05
3140.74       	2.614044e-05
3145.4        	2.616397e-05
3150.06       	2.618751e-05
3154.72       	2.621106e-05
3159.38       	2.623461e-05
3164.04       	2.625817e-05
3168.7        	2.628174e-05
3173.36       	2.630530e-05
3178.02       	2.632886e-05
3182.68       	2.635241e-05
3187.34       	2.637595e-05
3192          	2.639948e-05
3196.66       	2.642299e-05
3201.32       	2.644648e-05
3205.98       	2.646995e-05
3210.64       	2.649340e-05
3215.3        	2.651681e-05
3219.96       	2.654020e-05
3224.62       	2.656356e-05
3229.28       	2.658688e-05
3233.93       	2.661017e-05
3238.59       	2.663343e-05
3243.25       	2.665665e-05
3247.91       	2.667983e-05
3252.57       	2.670298e-05
3257.23       	2.672608e-05
3261.89       	2.674915e-05
3266.55       	2.677218e-05
3271.21       	2.679517e-05
3275.87       	2.681813e-05
3280.53       	2.684105e-05
3285.19       	2.686393e-05
3289.85       	2.688677e-05
3294.51       	2.690958e-05
3299.17       	2.693236e-05
3303.83       	2.695510e-05
3308.49       	2.697780e-05
3313.15       	2.700048e-05
3317.81       	2.702312e-05
3322.47       	2.704573e-05
3327.13       	2.706831e-05
3331.79       	2.709086e-05
3336.45       	2.711338e-05
3341.11       	2.713588e-05
3345.77       	2.715834e-05
3350.43       	2.718078e-05
3355.09       	2.720320e-05
3359.75       	2.722558e-05
3364.41       	2.724795e-05
3369.07       	2.727029e-05
3373.73       	2.729260e-05
3378.39       	2.731490e-05
3383.05       	2.733717e-05
3387.71       	2.735942e-05
3392.37       	2.738166e-05
3397.03       	2.740387e-05
3401.69       	2.742607e-05
3406.35       	2.744824e-05
3411.01       	2.747040e-05
3415.67       	2.749255e-05
3420.33       	2.751468e-05
3424.99       	2.753679e-05
3429.65       	2.755888e-05
3434.31       	2.758096e-05
3438.97       	2.760303e-05
3443.63       	2.762508e-05
3448.29       	2.764712e-05
3452.95       	2.766914e-05
3457.61       	2.769115e-05
3462.27       	2.771315e-05
3466.92       	2.773513e-05
3471.58       	2.775711e-05
3476.24       	2.777907e-05
3480.9        	2.780102e-05
3485.56       	2.782297e-05
3490.22       	2.784490e-05
3494.88       	2.786682e-05
3499.54       	2.788874e-05
3504.2        	2.791064e-05
3508.86       	2.793254e-05
3513.52       	2.795443e-05
3518.18       	2.797631e-05
3522.84       	2.799819e-05
3527.5        	2.802006e-05
3532.16       	2.804192e-05
3536.82       	2.806378e-05
3541.48       	2.808563e-05
3546.14       	2.810747e-05
3550.8        	2.812931e-05
3555.46       	2.815114e-05
3560.12       	2.817296e-05
3564.78       	2.819478e-05
3569.44       	2.821660e-05
3574.1        	2.823840e-05
3578.76       	2.826020e-05
3583.42       	2.828200e-05
3588.08       	2.830378e-05
3592.74       	2.832556e-05
3597.4        	2.834734e-05
3602.06       	2.836910e-05
3606.72       	2.839086e-05
3611.38       	2.841261e-05
3616.04       	2.843435e-05
3620.7        	2.845608e-05
3625.36       	2.847781e-05
3630.02       	2.849952e-05
3634.68       	2.852123e-05
3639.34       	2.854292e-05
3644          	2.856461e-05
3648.66       	2.858629e-05
3653.32       	2.860795e-05
3657.98       	2.862961e-05
3662.64       	2.865126e-05
3667.3        	2.867289e-05
3671.96       	2.869452e-05
3676.62       	2.871613e-05
3681.28       	2.873773e-05
3685.94       	2.875932e-05
3690.6        	2.878090e-05
3695.26       	2.880247e-05
3699.92       	2.882402e-05
3704.57       	2.884557e-05
3709.23       	2.886710e-05
3713.89       	2.888862e-05
3718.55       	2.891012e-05
3723.21       	2.893162e-05
3727.87       	2.895309e-05
3732.53       	2.897456e-05
3737.19       	2.899601e-05
3741.85       	2.901745e-05
3746.51       	2.903887e-05
3751.17       	2.906028e-05
3755.83       	2.908167e-05
3760.49       	2.910304e-05
3765.15       	2.912440e-05
3769.81       	2.914574e-05
3774.47       	2.916706e-05
3779.13       	2.918837e-05
3783.79       	2.920966e-05
3788.45       	2.923093e-05
3793.11       	2.925219e-05
3797.77       	2.927342e-05
3802.43       	2.929464e-05
3807.09       	2.931584e-05
3811.75       	2.933701e-05
3816.41       	2.935817e-05
3821.07       	2.937931e-05
3825.73       	2.940043e-05
3830.39       	2.942153e-05
3835.05       	2.944261e-05
3839.71       	2.946367e-05
3844.37       	2.948471e-05
3849.03       	2.950572e-05
3853.69       	2.952672e-05
3858.35       	2.954770e-05
3863.01       	2.956865e-05
3867.67       	2.958959e-05
3872.33       	2.961050e-05
3876.99       	2.963133e-05
3881.65       	2.965214e-05
3886.31       	2.967293e-05
3890.97       	2.969370e-05
3895.63       	2.971445e-05
3900.29       	2.973518e-05
3904.95       	2.975589e-05
3909.61       	2.977658e-05
3914.27       	2.979726e-05
3918.93       	2.981791e-05
3923.59       	2.983854e-05
3928.25       	2.985915e-05
3932.91       	2.987975e-05
3937.57       	2.990032e-05
3942.22       	2.992088e-05
3946.88       	2.994141e-05
3951.54       	2.996193e-05
3956.2        	2.998242e-05
3960.86       	3.000290e-05
3965.52       	3.002336e-05
3970.18       	3.004380e-05
3974.84       	3.006422e-05
3979.5        	3.008463e-05
3984.16       	3.010501e-05
3988.82       	3.012538e-05
3993.48       	3.014574e-05
3998.14       	3.016608e-05
4002.8        	3.018640e-05
4007.46       	3.020670e-05
4012.12       	3.022699e-05
4016.78       	3.024727e-05
4021.44       	3.026753e-05
4026.1        	3.028778e-05
4030.76       	3.030801e-05
4035.42       	3.032823e-05
4040.08       	3.034844e-05
4044.74       	3.036863e-05
4049.4        	3.038881e-05
4054.06       	3.040898e-05
4058.72       	3.042914e-05
4063.38       	3.044928e-05
4068.04       	3.046941e-05
4072.7        	3.048954e-05
4077.36       	3.050965e-05
4082.02       	3.052975e-05
4086.68       	3.054984e-05
4091.34       	3.056992e-05
4096          	3.058999e-05
4100.66       	3.061005e-05
4105.32       	3.063010e-05
4109.98       	3.065014e-05
4114.64       	3.067018e-05
4119.3        	3.069020e-05
4123.96       	3.071021e-05
4128.62       	3.073022e-05
4133.28       	3.075022e-05
4137.94       	3.077020e-05
4142.6        	3.079018e-05
4147.26       	3.081015e-05
4151.92       	3.083012e-05
4156.58       	3.085007e-05
4161.24       	3.087002e-05
4165.9        	3.088996e-05
4170.56       	3.090989e-05
4175.21       	3.092981e-05
4179.87       	3.094972e-05
4184.53       	3.096962e-05
4189.19       	3.098952e-05
4193.85       	3.100941e-05
4198.51       	3.102929e-05
4203.17       	3.104916e-05
4207.83       	3.106902e-05
4212.49       	3.108887e-05
4217.15       	3.110872e-05
4221.81       	3.112855e-05
4226.47       	3.114838e-05
4231.13       	3.116819e-05
4235.79       	3.118800e-05
4240.45       	3.120780e-05
4245.11       	3.122758e-05
4249.77       	3.124736e-05
4254.43       	3.126713e-05
4259.09       	3.128689e-05
4263.75       	3.130663e-05
4268.41       	3.132637e-05
4273.07       	3.134609e-05
4277.73       	3.136581e-05
4282.39       	3.138551e-05
4287.05       	3.140521e-05
4291.71       	3.142489e-05
4296.37       	3.144456e-05
4301.03       	3.146422e-05
4305.69       	3.148386e-05
4310.35       	3.150350e-05
4315.01       	3.152313e-05
4319.67       	3.154274e-05
4324.33       	3.156234e-05
4328.99       	3.158193e-05
4333.65       	3.160150e-05
4338.31       	3.162107e-05
4342.97       	3.164062e-05
4347.63       	3.166016e-05
4352.29       	3.167969e-05
4356.95       	3.169920e-05
4361.61       	3.171870e-05
4366.27       	3.173819e-05
4370.93       	3.175767e-05
4375.59       	3.177713e-05
4380.25       	3.179659e-05
4384.91       	3.181602e-05
4389.57       	3.183545e-05
4394.23       	3.185486e-05
4398.89       	3.187426e-05
4403.55       	3.189365e-05
4408.21       	3.191302e-05
4412.86       	3.193238e-05
4417.52       	3.195172e-05
4422.18       	3.197105e-05
4426.84       	3.199037e-05
4431.5        	3.200967e-05
4436.16       	3.202896e-05
4440.82       	3.204824e-05
4445.48       	3.206750e-05
4450.14       	3.208674e-05
4454.8        	3.210598e-05
4459.46       	3.212519e-05
4464.12       	3.214440e-05
4468.78       	3.216358e-05
4473.44       	3.218276e-05
4478.1        	3.220192e-05
4482.76       	3.222106e-05
4487.42       	3.224019e-05
4492.08       	3.225930e-05
4496.74       	3.227840e-05
4501.4        	3.229748e-05
4506.06       	3.231654e-05
4510.72       	3.233560e-05
4515.38       	3.235463e-05
4520.04       	3.237365e-05
4524.7        	3.239265e-05
4529.36       	3.241164e-05
4534.02       	3.243061e-05
4538.68       	3.244957e-05
4543.34       	3.246851e-05
4548          	3.248743e-05
4552.66       	3.250634e-05
4557.32       	3.252522e-05
4561.98       	3.254410e-05
4566.64       	3.256295e-05
4571.3        	3.258179e-05
4575.96       	3.260060e-05
4580.62       	3.261940e-05
4585.28       	3.263819e-05
4589.94       	3.265695e-05
4594.6        	3.267570e-05
4599.26       	3.269442e-05
4603.92       	3.271313e-05
4608.58       	3.273183e-05
4613.24       	3.275050e-05
4617.9        	3.276915e-05
4622.56       	3.278778e-05
4627.22       	3.280640e-05
4631.88       	3.282499e-05
4636.54       	3.284357e-05
4641.2        	3.286213e-05
4645.86       	3.288066e-05
4650.51       	3.289918e-05
4655.17       	3.291767e-05
4659.83       	3.293615e-05
4664.49       	3.295461e-05
4669.15       	3.297304e-05
4673.81       	3.299145e-05
4678.47       	3.300985e-05
4683.13       	3.302822e-05
4687.79       	3.304657e-05
4692.45       	3.306490e-05
4697.11       	3.308321e-05
4701.77       	3.310149e-05
4706.43       	3.311975e-05
4711.09       	3.313800e-05
4715.75       	3.315621e-05
4720.41       	3.317441e-05
4725.07       	3.319258e-05
4729.73       	3.321073e-05
4734.39       	3.322886e-05
4739.05       	3.324696e-05
4743.71       	3.326504e-05
4748.37       	3.328310e-05
4753.03       	3.330113e-05
4757.69       	3.331913e-05
4762.35       	3.333711e-05
4767.01       	3.335506e-05
4771.67       	3.337299e-05
4776.33       	3.339089e-05
4780.99       	3.340876e-05
4785.65       	3.342661e-05
4790.31       	3.344442e-05
4794.97       	3.346221e-05
4799.63       	3.347997e-05
4804.29       	3.349770e-05
4808.95       	3.351540e-05
4813.61       	3.353308e-05
4818.27       	3.355071e-05
4822.93       	3.356832e-05
4827.59       	3.358590e-05
4832.25       	3.360344e-05
4836.91       	3.362095e-05
4841.57       	3.363843e-05
4846.23       	3.365587e-05
4850.89       	3.367328e-05
4855.55       	3.369065e-05
4860.21       	3.370798e-05
4864.87       	3.372528e-05
4869.53       	3.374254e-05
4874.19       	3.375976e-05
4878.85       	3.377695e-05
4883.5        	3.379409e-05
4888.16       	3.381119e-05
4892.82       	3.382825e-05
4897.48       	3.384526e-05
4902.14       	3.386223e-05
4906.8        	3.387915e-05
4911.46       	3.389603e-05
4916.12       	3.391286e-05
4920.78       	3.392964e-05
4925.44       	3.394637e-05
4930.1        	3.396305e-05
4934.76       	3.397967e-05
4939.42       	3.399624e-05
4944.08       	3.401275e-05
4948.74       	3.402920e-05
4953.4        	3.404559e-05
4958.06       	3.406192e-05
4962.72       	3.407818e-05
4967.38       	3.409437e-05
4972.04       	3.411050e-05
4976.7        	3.412656e-05
4981.36       	3.414254e-05
4986.02       	3.415844e-05
4990.68       	3.417427e-05
4995.34       	3.419002e-05
5000          	3.420569e-05
5004.66       	3.422127e-05
5009.32       	3.423676e-05
5013.98       	3.425216e-05
5018.64       	3.426746e-05
5023.3        	3.428267e-05
5027.96       	3.429777e-05
5032.62       	3.431276e-05
5037.28       	3.432764e-05
5041.94       	3.434240e-05
5046.6        	3.435703e-05
5051.26       	3.437154e-05
5055.92       	3.438592e-05
5060.58       	3.440016e-05
5065.24       	3.441426e-05
5069.9        	3.442820e-05
5074.56       	3.444199e-05
5079.22       	3.445562e-05
5083.88       	3.446909e-05
5088.54       	3.448239e-05
5093.2        	3.449553e-05
5097.86       	3.450849e-05
5102.52       	3.452129e-05
5107.18       	3.453390e-05
5111.84       	3.454634e-05
5116.5        	3.455860e-05
5121.16       	3.457068e-05
5125.82       	3.458257e-05
5130.48       	3.459428e-05
5135.14       	3.460580e-05
5139.79       	3.461714e-05
5144.45       	3.462829e-05
5149.11       	3.463926e-05
5153.77       	3.465006e-05
5158.43       	3.466069e-05
5163.09       	3.467115e-05
5167.75       	3.468143e-05
5172.41       	3.469155e-05
5177.07       	3.470151e-05
5181.73       	3.471131e-05
5186.39       	3.472095e-05
5191.05       	3.473045e-05
5195.71       	3.473979e-05
5200.37       	3.474900e-05
5205.03       	3.475807e-05
5209.69       	3.476700e-05
5214.35       	3.477581e-05
5219.01       	3.478450e-05
5223.67       	3.479306e-05
5228.33       	3.480150e-05
5232.99       	3.480983e-05
5237.65       	3.481804e-05
5242.31       	3.482614e-05
5246.97       	3.483415e-05
5251.63       	3.484206e-05
5256.29       	3.484988e-05
5260.95       	3.485761e-05
5265.61       	3.486526e-05
5270.27       	3.487282e-05
5274.93       	3.488031e-05
5279.59       	3.488771e-05
5284.25       	3.489504e-05
5288.91       	3.490229e-05
5293.57       	3.490947e-05
5298.23       	3.491657e-05
5302.89       	3.492361e-05
5307.55       	3.493057e-05
5312.21       	3.493747e-05
5316.87       	3.494431e-05
5321.53       	3.495108e-05
5326.19       	3.495778e-05
5330.85       	3.496442e-05
5335.51       	3.497100e-05
5340.17       	3.497752e-05
5344.83       	3.498397e-05
5349.49       	3.499037e-05
5354.15       	3.499671e-05
5358.81       	3.500299e-05
5363.47       	3.500922e-05
5368.13       	3.501539e-05
5372.79       	3.502150e-05
5377.45       	3.502757e-05
5382.11       	3.503358e-05
5386.77       	3.503954e-05
5391.43       	3.504546e-05
5396.09       	3.505132e-05
5400.75       	3.505714e-05
5405.41       	3.506291e-05
5410.07       	3.506864e-05
5414.73       	3.507433e-05
5419.38       	3.507998e-05
5424.04       	3.508558e-05
5428.7        	3.509115e-05
5433.36       	3.509668e-05
5438.02       	3.510217e-05
5442.68       	3.510762e-05
5447.34       	3.511304e-05
5452          	3.511842e-05
5456.66       	3.512377e-05
5461.32       	3.512909e-05
5465.98       	3.513437e-05
5470.64       	3.513962e-05
5475.3        	3.514484e-05
5479.96       	3.515004e-05
5484.62       	3.515520e-05
5489.28       	3.516033e-05
5493.94       	3.516543e-05
5498.6        	3.517050e-05
5503.26       	3.517555e-05
5507.92       	3.518057e-05
5512.58       	3.518556e-05
5517.24       	3.519053e-05
5521.9        	3.519547e-05
5526.56       	3.520038e-05
5531.22       	3.520527e-05
5535.88       	3.521014e-05
5540.54       	3.521498e-05
5545.2        	3.521980e-05
5549.86       	3.522459e-05
5554.52       	3.522936e-05
5559.18       	3.523411e-05
5563.84       	3.523884e-05
5568.5        	3.524354e-05
5573.16       	3.524822e-05
5577.82       	3.525288e-05
5582.48       	3.525752e-05
5587.14       	3.526214e-05
5591.8        	3.526674e-05
5596.46       	3.527131e-05
5601.12       	3.527587e-05
5605.78       	3.528041e-05
5610.44       	3.528492e-05
5615.1        	3.528942e-05
5619.76       	3.529390e-05
5624.42       	3.529836e-05
5629.08       	3.530279e-05
5633.74       	3.530721e-05
5638.4        	3.531162e-05
5643.06       	3.531600e-05
5647.72       	3.532036e-05
5652.38       	3.532471e-05
5657.04       	3.532903e-05
5661.7        	3.533334e-05
5666.36       	3.533763e-05
5671.02       	3.534190e-05
5675.68       	3.534615e-05
5680.34       	3.535039e-05
5685          	3.535461e-05
5689.66       	3.535881e-05
5694.32       	3.536299e-05
5698.97       	3.536715e-05
5703.63       	3.537130e-05
5708.29       	3.537543e-05
5712.95       	3.537954e-05
5717.61       	3.538363e-05
5722.27       	3.538771e-05
5726.93       	3.539177e-05
5731.59       	3.539581e-05
5736.25       	3.539984e-05
5740.91       	3.540385e-05
5745.57       	3.540785e-05
5750.23       	3.541183e-05
5754.89       	3.541579e-05
5759.55       	3.541974e-05
5764.21       	3.542367e-05
5768.87       	3.542758e-05
5773.53       	3.543148e-05
5778.19       	3.543537e-05
5782.85       	3.543924e-05
5787.51       	3.544309e-05
5792.17       	3.544693e-05
5796.83       	3.545076e-05
5801.49       	3.545457e-05
5806.15       	3.545836e-05
5810.81       	3.546214e-05
5815.47       	3.546591e-05
5820.13       	3.546966e-05
5824.79       	3.547340e-05
5829.45       	3.547713e-05
5834.11       	3.548084e-05
5838.77       	3.548454e-05
5843.43       	3.548823e-05
5848.09       	3.549191e-05
5852.75       	3.549557e-05
5857.41       	3.549922e-05
5862.07       	3.550286e-05
5866.73       	3.550649e-05
5871.39       	3.551011e-05
5876.05       	3.551371e-05
5880.71       	3.551731e-05
5885.37       	3.552089e-05
5890.03       	3.552446e-05
5894.69       	3.552803e-05
5899.35       	3.553158e-05
5904.01       	3.553512e-05
5908.67       	3.553865e-05
5913.33       	3.554218e-05
5917.99       	3.554569e-05
5922.65       	3.554920e-05
5927.31       	3.555269e-05
5931.97       	3.555618e-05
5936.63       	3.555966e-05
5941.29       	3.556313e-05
5945.95       	3.556659e-05
5950.61       	3.557004e-05
5955.27       	3.557349e-05
5959.93       	3.557693e-05
5964.59       	3.558035e-05
5969.25       	3.558378e-05
5973.9        	3.558719e-05
5978.56       	3.559060e-05
5983.22       	3.559399e-05
5987.88       	3.559739e-05
5992.54       	3.560077e-05
5997.2        	3.560415e-05
6001.86       	3.560752e-05
6006.52       	3.561088e-05
6011.18       	3.561424e-05
6015.84       	3.561759e-05
6020.5        	3.562093e-05
6025.16       	3.562427e-05
6029.82       	3.562760e-05
6034.48       	3.563092e-05
6039.14       	3.563424e-05
6043.8        	3.563755e-05
6048.46       	3.564086e-05
6053.12       	3.564416e-05
6057.78       	3.564745e-05
6062.44       	3.565074e-05
6067.1        	3.565402e-05
6071.76       	3.565730e-05
6076.42       	3.566057e-05
6081.08       	3.566384e-05
6085.74       	3.566710e-05
6090.4        	3.567036e-05
6095.06       	3.567361e-05
6099.72       	3.567685e-05
6104.38       	3.568009e-05
6109.04       	3.568333e-05
6113.7        	3.568656e-05
6118.36       	3.568978e-05
6123.02       	3.569300e-05
6127.68       	3.569622e-05
6132.34       	3.569943e-05
6137          	3.570264e-05
6141.66       	3.570584e-05
6146.32       	3.570904e-05
6150.98       	3.571223e-05
6155.64       	3.571542e-05
6160.3        	3.571861e-05
6164.96       	3.572179e-05
6169.62       	3.572497e-05
6174.28       	3.572814e-05
6178.94       	3.573131e-05
6183.6        	3.573448e-05
6188.26       	3.573764e-05
6192.92       	3.574080e-05
6197.58       	3.574396e-05
6202.24       	3.574711e-05
6206.9        	3.575026e-05
6211.56       	3.575340e-05
6216.22       	3.575654e-05
6220.88       	3.575968e-05
6225.54       	3.576282e-05
6230.2        	3.576595e-05
6234.86       	3.576908e-05
6239.52       	3.577221e-05
6244.18       	3.577533e-05
6248.84       	3.577845e-05
6253.49       	3.578157e-05
6258.15       	3.578468e-05
6262.81       	3.578779e-05
6267.47       	3.579090e-05
6272.13       	3.579401e-05
6276.79       	3.579711e-05
6281.45       	3.580021e-05
6286.11       	3.580331e-05
6290.77       	3.580641e-05
6295.43       	3.580950e-05
6300.09       	3.581259e-05
6304.75       	3.581568e-05
6309.41       	3.581877e-05
6314.07       	3.582185e-05
6318.73       	3.582493e-05
6323.39       	3.582801e-05
6328.05       	3.583109e-05
6332.71       	3.583416e-05
6337.37       	3.583723e-05
6342.03       	3.584030e-05
6346.69       	3.584336e-05
6351.35       	3.584643e-05
6356.01       	3.584949e-05
6360.67       	3.585254e-05
6365.33       	3.585560e-05
6369.99       	3.585865e-05
6374.65       	3.586170e-05
6379.31       	3.586474e-05
6383.97       	3.586778e-05
6388.63       	3.587082e-05
6393.29       	3.587386e-05
6397.95       	3.587689e-05
6402.61       	3.587992e-05
6407.27       	3.588294e-05
6411.93       	3.588597e-05
6416.59       	3.588898e-05
6421.25       	3.589200e-05
6425.91       	3.589501e-05
6430.57       	3.589801e-05
6435.23       	3.590101e-05
6439.89       	3.590401e-05
6444.55       	3.590700e-05
6449.21       	3.590999e-05
6453.87       	3.591298e-05
6458.53       	3.591595e-05
6463.19       	3.591893e-05
6467.85       	3.592190e-05
6472.51       	3.592486e-05
6477.17       	3.592782e-05
6481.83       	3.593077e-05
6486.49       	3.593372e-05
6491.15       	3.593666e-05
6495.81       	3.593959e-05
6500.47       	3.594252e-05
6505.13       	3.594545e-05
6509.79       	3.594836e-05
6514.45       	3.595127e-05
6519.11       	3.595417e-05
6523.77       	3.595707e-05
6528.42       	3.595996e-05
6533.08       	3.596284e-05
6537.74       	3.596572e-05
6542.4        	3.596859e-05
6547.06       	3.597145e-05
6551.72       	3.597430e-05
6556.38       	3.597714e-05
6561.04       	3.597998e-05
6565.7        	3.598281e-05
6570.36       	3.598563e-05
6575.02       	3.598844e-05
6579.68       	3.599124e-05
6584.34       	3.599404e-05
6589          	3.599682e-05
6593.66       	3.599960e-05
6598.32       	3.600237e-05
6602.98       	3.600513e-05
6607.64       	3.600788e-05
6612.3        	3.601061e-05
6616.96       	3.601335e-05
6621.62       	3.601607e-05
6626.28       	3.601878e-05
6630.94       	3.602148e-05
6635.6        	3.602417e-05
6640.26       	3.602685e-05
6644.92       	3.602952e-05
6649.58       	3.603218e-05
6654.24       	3.603483e-05
6658.9        	3.603747e-05
6663.56       	3.604010e-05
6668.22       	3.604272e-05
6672.88       	3.604533e-05
6677.54       	3.604793e-05
6682.2        	3.605052e-05
6686.86       	3.605310e-05
6691.52       	3.605566e-05
6696.18       	3.605822e-05
6700.84       	3.606076e-05
6705.5        	3.606330e-05
6710.16       	3.606582e-05
6714.82       	3.606834e-05
6719.48       	3.607084e-05
6724.14       	3.607333e-05
6728.8        	3.607581e-05
6733.46       	3.607828e-05
6738.12       	3.608074e-05
6742.78       	3.608318e-05
6747.44       	3.608562e-05
6752.1        	3.608805e-05
6756.76       	3.609046e-05
6761.42       	3.609287e-05
6766.08       	3.609526e-05
6770.74       	3.609764e-05
6775.4        	3.610002e-05
6780.06       	3.610238e-05
6784.72       	3.610473e-05
6789.38       	3.610707e-05
6794.04       	3.610940e-05
6798.7        	3.611172e-05
6803.36       	3.611404e-05
6808.01       	3.611634e-05
6812.67       	3.611863e-05
6817.33       	3.612091e-05
6821.99       	3.612318e-05
6826.65       	3.612544e-05
6831.31       	3.612769e-05
6835.97       	3.612993e-05
6840.63       	3.613216e-05
6845.29       	3.613438e-05
6849.95       	3.613659e-05
6854.61       	3.613879e-05
6859.27       	3.614099e-05
6863.93       	3.614317e-05
6868.59       	3.614535e-05
6873.25       	3.614751e-05
6877.91       	3.614967e-05
6882.57       	3.615182e-05
6887.23       	3.615396e-05
6891.89       	3.615609e-05
6896.55       	3.615821e-05
6901.21       	3.616032e-05
6905.87       	3.616243e-05
6910.53       	3.616452e-05
6915.19       	3.616661e-05
6919.85       	3.616869e-05
6924.51       	3.617077e-05
6929.17       	3.617283e-05
6933.83       	3.617489e-05
6938.49       	3.617694e-05
6943.15       	3.617898e-05
6947.81       	3.618101e-05
6952.47       	3.618304e-05
6957.13       	3.618506e-05
6961.79       	3.618707e-05
6966.45       	3.618907e-05
6971.11       	3.619107e-05
6975.77       	3.619306e-05
6980.43       	3.619504e-05
6985.09       	3.619701e-05
6989.75       	3.619898e-05
6994.41       	3.620094e-05
6999.07       	3.620290e-05
7003.73       	3.620485e-05
7008.39       	3.620679e-05
7013.05       	3.620872e-05
7017.71       	3.621065e-05
7022.37       	3.621257e-05
7027.03       	3.621449e-05
7031.69       	3.621640e-05
7036.35       	3.621830e-05
7041.01       	3.622020e-05
7045.67       	3.622209e-05
7050.33       	3.622397e-05
7054.99       	3.622585e-05
7059.65       	3.622772e-05
7064.31       	3.622959e-05
7068.97       	3.623145e-05
7073.63       	3.623330e-05
7078.29       	3.623515e-05
7082.95       	3.623699e-05
7087.6        	3.623883e-05
7092.26       	3.624066e-05
7096.92       	3.624248e-05
7101.58       	3.624430e-05
7106.24       	3.624611e-05
7110.9        	3.624791e-05
7115.56       	3.624971e-05
7120.22       	3.625150e-05
7124.88       	3.625328e-05
7129.54       	3.625506e-05
7134.2        	3.625684e-05
7138.86       	3.625860e-05
7143.52       	3.626036e-05
7148.18       	3.626212e-05
7152.84       	3.626387e-05
7157.5        	3.626561e-05
7162.16       	3.626735e-05
7166.82       	3.626908e-05
7171.48       	3.627081e-05
7176.14       	3.627252e-05
7180.8        	3.627424e-05
7185.46       	3.627594e-05
7190.12       	3.627764e-05
7194.78       	3.627934e-05
7199.44       	3.628103e-05
7204.1        	3.628271e-05
7208.76       	3.628439e-05
7213.42       	3.628606e-05
7218.08       	3.628772e-05
7222.74       	3.628938e-05
7227.4        	3.629103e-05
7232.06       	3.629268e-05
7236.72       	3.629432e-05
7241.38       	3.629595e-05
7246.04       	3.629758e-05
7250.7        	3.629920e-05
7255.36       	3.630081e-05
7260.02       	3.630242e-05
7264.68       	3.630402e-05
7269.34       	3.630561e-05
7274          	3.630720e-05
7278.66       	3.630878e-05
7283.32       	3.631035e-05
7287.98       	3.631192e-05
7292.64       	3.631348e-05
7297.3        	3.631504e-05
7301.96       	3.631659e-05
7306.62       	3.631813e-05
7311.28       	3.631967e-05
7315.94       	3.632120e-05
7320.6        	3.632272e-05
7325.26       	3.632424e-05
7329.92       	3.632575e-05
7334.58       	3.632725e-05
7339.24       	3.632875e-05
7343.9        	3.633024e-05
7348.56       	3.633173e-05
7353.22       	3.633320e-05
7357.88       	3.633468e-05
7362.53       	3.633614e-05
7367.19       	3.633760e-05
7371.85       	3.633905e-05
7376.51       	3.634050e-05
7381.17       	3.634194e-05
7385.83       	3.634337e-05
7390.49       	3.634480e-05
7395.15       	3.634622e-05
7399.81       	3.634764e-05
7404.47       	3.634905e-05
7409.13       	3.635045e-05
7413.79       	3.635184e-05
7418.45       	3.635323e-05
7423.11       	3.635461e-05
7427.77       	3.635599e-05
7432.43       	3.635736e-05
7437.09       	3.635872e-05
7441.75       	3.636008e-05
7446.41       	3.636143e-05
7451.07       	3.636278e-05
7455.73       	3.636412e-05
7460.39       	3.636545e-05
7465.05       	3.636678e-05
7469.71       	3.636810e-05
7474.37       	3.636942e-05
7479.03       	3.637073e-05
7483.69       	3.637203e-05
7488.35       	3.637333e-05
7493.01       	3.637462e-05
7497.67       	3.637591e-05
7502.33       	3.637719e-05
7506.99       	3.637847e-05
7511.65       	3.637974e-05
7516.31       	3.638100e-05
7520.97       	3.638226e-05
7525.63       	3.638351e-05
7530.29       	3.638476e-05
7534.95       	3.638600e-05
7539.61       	3.638724e-05
7544.27       	3.638847e-05
7548.93       	3.638970e-05
7553.59       	3.639092e-05
7558.25       	3.639213e-05
7562.91       	3.639334e-05
7567.57       	3.639455e-05
7572.23       	3.639575e-05
7576.89       	3.639694e-05
7581.55       	3.639813e-05
7586.21       	3.639932e-05
7590.87       	3.640050e-05
7595.53       	3.640167e-05
7600.19       	3.640284e-05
7604.85       	3.640400e-05
7609.51       	3.640516e-05
7614.17       	3.640632e-05
7618.83       	3.640747e-05
7623.49       	3.640861e-05
7628.15       	3.640975e-05
7632.81       	3.641089e-05
7637.47       	3.641202e-05
7642.12       	3.641315e-05
7646.78       	3.641427e-05
7651.44       	3.641538e-05
7656.1        	3.641650e-05
7660.76       	3.641760e-05
7665.42       	3.641871e-05
7670.08       	3.641981e-05
7674.74       	3.642090e-05
7679.4        	3.642199e-05
7684.06       	3.642308e-05
7688.72       	3.642416e-05
7693.38       	3.642524e-05
7698.04       	3.642631e-05
7702.7        	3.642738e-05
7707.36       	3.642844e-05
7712.02       	3.642950e-05
7716.68       	3.643056e-05
7721.34       	3.643161e-05
7726          	3.643265e-05
7730.66       	3.643370e-05
7735.32       	3.643473e-05
7739.98       	3.643577e-05
7744.64       	3.643680e-05
7749.3        	3.643783e-05
7753.96       	3.643885e-05
7758.62       	3.643987e-05
7763.28       	3.644088e-05
7767.94       	3.644189e-05
7772.6        	3.644290e-05
7777.26       	3.644390e-05
7781.92       	3.644490e-05
7786.58       	3.644590e-05
7791.24       	3.644689e-05
7795.9        	3.644787e-05
7800.56       	3.644886e-05
7805.22       	3.644984e-05
7809.88       	3.645082e-05
7814.54       	3.645179e-05
7819.2        	3.645276e-05
7823.86       	3.645372e-05
7828.52       	3.645469e-05
7833.18       	3.645564e-05
7837.84       	3.645660e-05
7842.5        	3.645755e-05
7847.16       	3.645850e-05
7851.82       	3.645944e-05
7856.48       	3.646038e-05
7861.14       	3.646132e-05
7865.8        	3.646225e-05
7870.46       	3.646318e-05
7875.12       	3.646411e-05
7879.78       	3.646503e-05
7884.44       	3.646595e-05
7889.1        	3.646686e-05
7893.76       	3.646778e-05
7898.42       	3.646869e-05
7903.08       	3.646959e-05
7907.74       	3.647049e-05
7912.4        	3.647139e-05
7917.05       	3.647229e-05
7921.71       	3.647318e-05
7926.37       	3.647407e-05
7931.03       	3.647495e-05
7935.69       	3.647583e-05
7940.35       	3.647671e-05
7945.01       	3.647758e-05
7949.67       	3.647846e-05
7954.33       	3.647932e-05
7958.99       	3.648019e-05
7963.65       	3.648105e-05
7968.31       	3.648191e-05
7972.97       	3.648276e-05
7977.63       	3.648361e-05
7982.29       	3.648446e-05
7986.95       	3.648530e-05
7991.61       	3.648615e-05
7996.27       	3.648698e-05
8000.93       	3.648782e-05
8005.59       	3.648865e-05
8010.25       	3.648948e-05
8014.91       	3.649030e-05
8019.57       	3.649112e-05
8024.23       	3.649194e-05
8028.89       	3.649276e-05
8033.55       	3.649357e-05
8038.21       	3.649438e-05
8042.87       	3.649518e-05
8047.53       	3.649598e-05
8052.19       	3.649678e-05
8056.85       	3.649758e-05
8061.51       	3.649837e-05
8066.17       	3.649916e-05
8070.83       	3.649994e-05
8075.49       	3.650073e-05
8080.15       	3.650151e-05
8084.81       	3.650228e-05
8089.47       	3.650306e-05
8094.13       	3.650383e-05
8098.79       	3.650459e-05
8103.45       	3.650536e-05
8108.11       	3.650612e-05
8112.77       	3.650687e-05
8117.43       	3.650763e-05
8122.09       	3.650838e-05
8126.75       	3.650912e-05
8131.41       	3.650987e-05
8136.07       	3.651061e-05
8140.73       	3.651135e-05
8145.39       	3.651208e-05
8150.05       	3.651282e-05
8154.71       	3.651355e-05
8159.37       	3.651427e-05
8164.03       	3.651499e-05
8168.69       	3.651571e-05
8173.35       	3.651643e-05
8178.01       	3.651714e-05
8182.67       	3.651786e-05
8187.33       	3.651856e-05
8191.99       	3.651927e-05
8196.64       	3.651997e-05
8201.3        	3.652067e-05
8205.96       	3.652136e-05
8210.62       	3.652206e-05
8215.28       	3.652275e-05
8219.94       	3.652343e-05
8224.6        	3.652412e-05
8229.26       	3.652480e-05
8233.92       	3.652548e-05
8238.58       	3.652615e-05
8243.24       	3.652683e-05
8247.9        	3.652750e-05
8252.56       	3.652816e-05
8257.22       	3.652883e-05
8261.88       	3.652949e-05
8266.54       	3.653015e-05
8271.2        	3.653080e-05
8275.86       	3.653145e-05
8280.52       	3.653210e-05
8285.18       	3.653275e-05
8289.84       	3.653340e-05
8294.5        	3.653404e-05
8299.16       	3.653468e-05
8303.82       	3.653531e-05
8308.48       	3.653595e-05
8313.14       	3.653658e-05
8317.8        	3.653721e-05
8322.46       	3.653783e-05
8327.12       	3.653846e-05
8331.78       	3.653908e-05
8336.44       	3.653969e-05
8341.1        	3.654031e-05
8345.76       	3.654092e-05
8350.42       	3.654153e-05
8355.08       	3.654214e-05
8359.74       	3.654275e-05
8364.4        	3.654335e-05
8369.06       	3.654395e-05
8373.72       	3.654455e-05
8378.38       	3.654514e-05
8383.04       	3.654573e-05
8387.7        	3.654632e-05
8392.36       	3.654691e-05
8397.02       	3.654750e-05
8401.68       	3.654808e-05
8406.34       	3.654866e-05
8411          	3.654924e-05
8415.66       	3.654981e-05
8420.32       	3.655039e-05
8424.98       	3.655096e-05
8429.64       	3.655153e-05
8434.3        	3.655209e-05
8438.96       	3.655266e-05
8443.62       	3.655322e-05
8448.28       	3.655378e-05
8452.94       	3.655433e-05
8457.6        	3.655489e-05
8462.26       	3.655544e-05
8466.92       	3.655599e-05
8471.58       	3.655654e-05
8476.23       	3.655708e-05
8480.89       	3.655763e-05
8485.55       	3.655817e-05
8490.21       	3.655871e-05
8494.87       	3.655925e-05
8499.53       	3.655978e-05
8504.19       	3.656031e-05
8508.85       	3.656084e-05
8513.51       	3.656137e-05
8518.17       	3.656190e-05
8522.83       	3.656242e-05
8527.49       	3.656295e-05
8532.15       	3.656347e-05
8536.81       	3.656399e-05
8541.47       	3.656450e-05
8546.13       	3.656502e-05
8550.79       	3.656553e-05
8555.45       	3.656604e-05
8560.11       	3.656655e-05
8564.77       	3.656705e-05
8569.43       	3.656756e-05
8574.09       	3.656806e-05
8578.75       	3.656856e-05
8583.41       	3.656906e-05
8588.07       	3.656956e-05
8592.73       	3.657005e-05
8597.39       	3.657054e-05
8602.05       	3.657103e-05
8606.71       	3.657152e-05
8611.37       	3.657201e-05
8616.03       	3.657249e-05
8620.69       	3.657298e-05
8625.35       	3.657346e-05
8630.01       	3.657394e-05
8634.67       	3.657442e-05
8639.33       	3.657489e-05
8643.99       	3.657537e-05
8648.65       	3.657584e-05
8653.31       	3.657631e-05
8657.97       	3.657678e-05
8662.63       	3.657724e-05
8667.29       	3.657771e-05
8671.95       	3.657817e-05
8676.61       	3.657863e-05
8681.27       	3.657909e-05
8685.93       	3.657955e-05
8690.59       	3.658001e-05
8695.25       	3.658046e-05
8699.91       	3.658091e-05
8704.57       	3.658136e-05
8709.23       	3.658181e-05
8713.89       	3.658226e-05
8718.55       	3.658270e-05
8723.21       	3.658315e-05
8727.87       	3.658359e-05
8732.53       	3.658403e-05
8737.19       	3.658447e-05
8741.85       	3.658490e-05
8746.51       	3.658534e-05
8751.16       	3.658577e-05
8755.82       	3.658620e-05
8760.48       	3.658663e-05
8765.14       	3.658706e-05
8769.8        	3.658749e-05
8774.46       	3.658791e-05
8779.12       	3.658834e-05
8783.78       	3.658876e-05
8788.44       	3.658918e-05
8793.1        	3.658960e-05
8797.76       	3.659001e-05
8802.42       	3.659043e-05
8807.08       	3.659084e-05
8811.74       	3.659125e-05
8816.4        	3.659166e-05
8821.06       	3.659207e-05
8825.72       	3.659248e-05
8830.38       	3.659288e-05
8835.04       	3.659329e-05
8839.7        	3.659369e-05
8844.36       	3.659409e-05
8849.02       	3.659449e-05
8853.68       	3.659489e-05
8858.34       	3.659528e-05
8863          	3.659568e-05
8867.66       	3.659607e-05
8872.32       	3.659646e-05
8876.98       	3.659685e-05
8881.64       	3.659724e-05
8886.3        	3.659763e-05
8890.96       	3.659801e-05
8895.62       	3.659840e-05
8900.28       	3.659878e-05
8904.94       	3.659916e-05
8909.6        	3.659954e-05
8914.26       	3.659992e-05
8918.92       	3.660030e-05
8923.58       	3.660067e-05
8928.24       	3.660104e-05
8932.9        	3.660142e-05
8937.56       	3.660179e-05
8942.22       	3.660216e-05
8946.88       	3.660252e-05
8951.54       	3.660289e-05
8956.2        	3.660326e-05
8960.86       	3.660362e-05
8965.52       	3.660398e-05
8970.18       	3.660434e-05
8974.84       	3.660470e-05
8979.5        	3.660506e-05
8984.16       	3.660542e-05
8988.82       	3.660577e-05
8993.48       	3.660613e-05
8998.14       	3.660648e-05
9002.8        	3.660683e-05
9007.46       	3.660718e-05
9012.12       	3.660753e-05
9016.78       	3.660788e-05
9021.44       	3.660822e-05
9026.1        	3.660857e-05
9030.75       	3.660891e-05
9035.41       	3.660925e-05
9040.07       	3.660959e-05
9044.73       	3.660993e-05
9049.39       	3.661027e-05
9054.05       	3.661061e-05
9058.71       	3.661095e-05
9063.37       	3.661128e-05
9068.03       	3.661161e-05
9072.69       	3.661195e-05
9077.35       	3.661228e-05
9082.01       	3.661261e-05
9086.67       	3.661293e-05
9091.33       	3.661326e-05
9095.99       	3.661359e-05
9100.65       	3.661391e-05
9105.31       	3.661424e-05
9109.97       	3.661456e-05
9114.63       	3.661488e-05
9119.29       	3.661520e-05
9123.95       	3.661552e-05
9128.61       	3.661584e-05
9133.27       	3.661615e-05
9137.93       	3.661647e-05
9142.59       	3.661678e-05
9147.25       	3.661709e-05
9151.91       	3.661741e-05
9156.57       	3.661772e-05
9161.23       	3.661803e-05
9165.89       	3.661833e-05
9170.55       	3.661864e-05
9175.21       	3.661895e-05
9179.87       	3.661925e-05
9184.53       	3.661956e-05
9189.19       	3.661986e-05
9193.85       	3.662016e-05
9198.51       	3.662046e-05
9203.17       	3.662076e-05
9207.83       	3.662106e-05
9212.49       	3.662136e-05
9217.15       	3.662166e-05
9221.81       	3.662195e-05
9226.47       	3.662225e-05
9231.13       	3.662254e-05
9235.79       	3.662283e-05
9240.45       	3.662312e-05
9245.11       	3.662341e-05
9249.77       	3.662370e-05
9254.43       	3.662399e-05
9259.09       	3.662428e-05
9263.75       	3.662456e-05
9268.41       	3.662485e-05
9273.07       	3.662513e-05
9277.73       	3.662542e-05
9282.39       	3.662570e-05
9287.05       	3.662598e-05
9291.71       	3.662626e-05
9296.37       	3.662654e-05
9301.03       	3.662682e-05
9305.68       	3.662710e-05
9310.34       	3.662737e-05
9315          	3.662765e-05
9319.66       	3.662792e-05
9324.32       	3.662820e-05
9328.98       	3.662847e-05
9333.64       	3.662874e-05
9338.3        	3.662901e-05
9342.96       	3.662928e-05
9347.62       	3.662955e-05
9352.28       	3.662982e-05
9356.94       	3.663009e-05
9361.6        	3.663035e-05
9366.26       	3.663062e-05
9370.92       	3.663089e-05
9375.58       	3.663115e-05
9380.24       	3.663141e-05
9384.9        	3.663167e-05
9389.56       	3.663193e-05
9394.22       	3.663220e-05
9398.88       	3.663245e-05
9403.54       	3.663271e-05
9408.2        	3.663297e-05
9412.86       	3.663323e-05
9417.52       	3.663348e-05
9422.18       	3.663374e-05
9426.84       	3.663399e-05
9431.5        	3.663425e-05
9436.16       	3.663450e-05
9440.82       	3.663475e-05
9445.48       	3.663500e-05
9450.14       	3.663525e-05
9454.8        	3.663550e-05
9459.46       	3.663575e-05
9464.12       	3.663600e-05
9468.78       	3.663625e-05
9473.44       	3.663649e-05
9478.1        	3.663674e-05
9482.76       	3.663698e-05
9487.42       	3.663723e-05
9492.08       	3.663747e-05
9496.74       	3.663771e-05
9501.4        	3.663796e-05
9506.06       	3.663820e-05
9510.72       	3.663844e-05
9515.38       	3.663868e-05
9520.04       	3.663892e-05
9524.7        	3.663916e-05
9529.36       	3.663939e-05
9534.02       	3.663963e-05
9538.68       	3.663987e-05
9543.34       	3.664010e-05
9548          	3.664034e-05
9552.66       	3.664057e-05
9557.32       	3.664080e-05
9561.98       	3.664104e-05
9566.64       	3.664127e-05
9571.3        	3.664150e-05
9575.96       	3.664173e-05
9580.62       	3.664196e-05
9585.27       	3.664219e-05
9589.93       	3.664242e-05
9594.59       	3.664264e-05
9599.25       	3.664287e-05
9603.91       	3.664310e-05
9608.57       	3.664332e-05
9613.23       	3.664355e-05
9617.89       	3.664377e-05
9622.55       	3.664400e-05
9627.21       	3.664422e-05
9631.87       	3.664444e-05
9636.53       	3.664466e-05
9641.19       	3.664488e-05
9645.85       	3.664510e-05
9650.51       	3.664532e-05
9655.17       	3.664554e-05
9659.83       	3.664576e-05
9664.49       	3.664598e-05
9669.15       	3.664620e-05
9673.81       	3.664641e-05
9678.47       	3.664663e-05
9683.13       	3.664685e-05
9687.79       	3.664706e-05
9692.45       	3.664728e-05
9697.11       	3.664749e-05
9701.77       	3.664770e-05
9706.43       	3.664792e-05
9711.09       	3.664813e-05
9715.75       	3.664834e-05
9720.41       	3.664855e-05
9725.07       	3.664876e-05
9729.73       	3.664897e-05
9734.39       	3.664918e-05
9739.05       	3.664939e-05
9743.71       	3.664960e-05
9748.37       	3.664980e-05
9753.03       	3.665001e-05
9757.69       	3.665022e-05
9762.35       	3.665042e-05
9767.01       	3.665063e-05
9771.67       	3.665083e-05
9776.33       	3.665104e-05
9780.99       	3.665124e-05
9785.65       	3.665144e-05
9790.31       	3.665165e-05
9794.97       	3.665185e-05
9799.63       	3.665205e-05
9804.29       	3.665225e-05
9808.95       	3.665245e-05
9813.61       	3.665265e-05
9818.27       	3.665285e-05
9822.93       	3.665305e-05
9827.59       	3.665325e-05
9832.25       	3.665345e-05
9836.91       	3.665365e-05
9841.57       	3.665385e-05
9846.23       	3.665404e-05
9850.89       	3.665424e-05
9855.55       	3.665443e-05
9860.21       	3.665463e-05
9864.86       	3.665482e-05
9869.52       	3.665502e-05
9874.18       	3.665521e-05
9878.84       	3.665541e-05
9883.5        	3.665560e-05
9888.16       	3.665579e-05
9892.82       	3.665598e-05
9897.48       	3.665618e-05
9902.14       	3.665637e-05
9906.8        	3.665656e-05
9911.46       	3.665675e-05
9916.12       	3.665694e-05
9920.78       	3.665713e-05
9925.44       	3.665732e-05
9930.1        	3.665751e-05
9934.76       	3.665769e-05
9939.42       	3.665788e-05
9944.08       	3.665807e-05
9948.74       	3.665826e-05
9953.4        	3.665844e-05
9958.06       	3.665863e-05
9962.72       	3.665882e-05
9967.38       	3.665900e-05
9972.04       	3.665919e-05
9976.7        	3.665937e-05
9981.36       	3.665955e-05
9986.02       	3.665974e-05
9990.68       	3.665992e-05
9995.34       	3.666011e-05
10000         	3.666029e-05
10004.7       	3.666047e-05
10009.3       	3.666065e-05
10014         	3.666083e-05
10018.6       	3.666101e-05
10023.3       	3.666120e-05
10028         	3.666138e-05
10032.6       	3.666156e-05
10037.3       	3.666174e-05
10041.9       	3.666192e-05
10046.6       	3.666209e-05
10051.3       	3.666227e-05
10055.9       	3.666245e-05
10060.6       	3.666263e-05
10065.2       	3.666281e-05
10069.9       	3.666298e-05
10074.6       	3.666316e-05
10079.2       	3.666334e-05
10083.9       	3.666351e-05
10088.5       	3.666369e-05
10093.2       	3.666387e-05
10097.9       	3.666404e-05
10102.5       	3.666422e-05
10107.2       	3.666439e-05
10111.8       	3.666456e-05
10116.5       	3.666474e-05
10121.2       	3.666491e-05
10125.8       	3.666509e-05
10130.5       	3.666526e-05
10135.1       	3.666543e-05
10139.8       	3.666560e-05
10144.5       	3.666578e-05
10149.1       	3.666595e-05
10153.8       	3.666612e-05
10158.4       	3.666629e-05
10163.1       	3.666646e-05
10167.8       	3.666663e-05
10172.4       	3.666680e-05
10177.1       	3.666697e-05
10181.7       	3.666714e-05
10186.4       	3.666731e-05
10191.1       	3.666748e-05
10195.7       	3.666765e-05
10200.4       	3.666782e-05
10205         	3.666799e-05
10209.7       	3.666816e-05
10214.4       	3.666832e-05
10219         	3.666849e-05
10223.7       	3.666866e-05
10228.3       	3.666883e-05
10233         	3.666899e-05
10237.7       	3.666916e-05
10242.3       	3.666933e-05
10247         	3.666949e-05
10251.6       	3.666966e-05
10256.3       	3.666982e-05
10261         	3.666999e-05
10265.6       	3.667015e-05
10270.3       	3.667032e-05
10274.9       	3.667048e-05
10279.6       	3.667065e-05
10284.2       	3.667081e-05
10288.9       	3.667097e-05
10293.6       	3.667114e-05
10298.2       	3.667130e-05
10302.9       	3.667147e-05
10307.5       	3.667163e-05
10312.2       	3.667179e-05
10316.9       	3.667195e-05
10321.5       	3.667212e-05
10326.2       	3.667228e-05
10330.8       	3.667244e-05
10335.5       	3.667260e-05
10340.2       	3.667276e-05
10344.8       	3.667292e-05
10349.5       	3.667309e-05
10354.1       	3.667325e-05
10358.8       	3.667341e-05
10363.5       	3.667357e-05
10368.1       	3.667373e-05
10372.8       	3.667389e-05
10377.4       	3.667405e-05
10382.1       	3.667421e-05
10386.8       	3.667437e-05
10391.4       	3.667453e-05
10396.1       	3.667469e-05
10400.7       	3.667484e-05
10405.4       	3.667500e-05
10410.1       	3.667516e-05
10414.7       	3.667532e-05
10419.4       	3.667548e-05
10424         	3.667564e-05
10428.7       	3.667579e-05
10433.4       	3.667595e-05
10438         	3.667611e-05
10442.7       	3.667627e-05
10447.3       	3.667642e-05
10452         	3.667658e-05
10456.7       	3.667674e-05
10461.3       	3.667689e-05
10466         	3.667705e-05
10470.6       	3.667720e-05
10475.3       	3.667736e-05
10480         	3.667752e-05
10484.6       	3.667767e-05
10489.3       	3.667783e-05
10493.9       	3.667798e-05
10498.6       	3.667814e-05
10503.3       	3.667829e-05
10507.9       	3.667845e-05
10512.6       	3.667860e-05
10517.2       	3.667876e-05
10521.9       	3.667891e-05
10526.6       	3.667906e-05
10531.2       	3.667922e-05
10535.9       	3.667937e-05
10540.5       	3.667953e-05
10545.2       	3.667968e-05
10549.9       	3.667983e-05
10554.5       	3.667999e-05
10559.2       	3.668014e-05
10563.8       	3.668029e-05
10568.5       	3.668044e-05
10573.2       	3.668060e-05
10577.8       	3.668075e-05
10582.5       	3.668090e-05
10587.1       	3.668105e-05
10591.8       	3.668120e-05
10596.5       	3.668136e-05
10601.1       	3.668151e-05
10605.8       	3.668166e-05
10610.4       	3.668181e-05
10615.1       	3.668196e-05
10619.8       	3.668211e-05
10624.4       	3.668226e-05
10629.1       	3.668241e-05
10633.7       	3.668256e-05
10638.4       	3.668271e-05
10643.1       	3.668286e-05
10647.7       	3.668302e-05
10652.4       	3.668317e-05
10657         	3.668332e-05
10661.7       	3.668346e-05
10666.4       	3.668361e-05
10671         	3.668376e-05
10675.7       	3.668391e-05
10680.3       	3.668406e-05
10685         	3.668421e-05
10689.7       	3.668436e-05
10694.3       	3.668451e-05
10699         	3.668466e-05
10703.6       	3.668481e-05
10708.3       	3.668496e-05
10713         	3.668511e-05
10717.6       	3.668525e-05
10722.3       	3.668540e-05
10726.9       	3.668555e-05
10731.6       	3.668570e-05
10736.3       	3.668585e-05
10740.9       	3.668600e-05
10745.6       	3.668614e-05
10750.2       	3.668629e-05
10754.9       	3.668644e-05
10759.6       	3.668659e-05
10764.2       	3.668673e-05
10768.9       	3.668688e-05
10773.5       	3.668703e-05
10778.2       	3.668718e-05
10782.9       	3.668732e-05
10787.5       	3.668747e-05
10792.2       	3.668762e-05
10796.8       	3.668776e-05
10801.5       	3.668791e-05
10806.2       	3.668806e-05
10810.8       	3.668820e-05
10815.5       	3.668835e-05
10820.1       	3.668850e-05
10824.8       	3.668864e-05
10829.5       	3.668879e-05
10834.1       	3.668893e-05
10838.8       	3.668908e-05
10843.4       	3.668923e-05
10848.1       	3.668937e-05
10852.7       	3.668952e-05
10857.4       	3.668966e-05
10862.1       	3.668981e-05
10866.7       	3.668995e-05
10871.4       	3.669010e-05
10876         	3.669024e-05
10880.7       	3.669039e-05
10885.4       	3.669053e-05
10890         	3.669068e-05
10894.7       	3.669082e-05
10899.3       	3.669097e-05
10904         	3.669111e-05
10908.7       	3.669126e-05
10913.3       	3.669140e-05
10918         	3.669155e-05
10922.6       	3.669169e-05
10927.3       	3.669183e-05
10932         	3.669198e-05
10936.6       	3.669212e-05
10941.3       	3.669227e-05
10945.9       	3.669241e-05
10950.6       	3.669255e-05
10955.3       	3.669270e-05
10959.9       	3.669284e-05
10964.6       	3.669298e-05
10969.2       	3.669313e-05
10973.9       	3.669327e-05
10978.6       	3.669342e-05
10983.2       	3.669356e-05
10987.9       	3.669370e-05
10992.5       	3.669384e-05
10997.2       	3.669399e-05
11001.9       	3.669413e-05
11006.5       	3.669427e-05
11011.2       	3.669442e-05
11015.8       	3.669456e-05
11020.5       	3.669470e-05
11025.2       	3.669484e-05
11029.8       	3.669499e-05
11034.5       	3.669513e-05
11039.1       	3.669527e-05
11043.8       	3.669541e-05
11048.5       	3.669556e-05
11053.1       	3.669570e-05
11057.8       	3.669584e-05
11062.4       	3.669598e-05
11067.1       	3.669613e-05
11071.8       	3.669627e-05
11076.4       	3.669641e-05
11081.1       	3.669655e-05
11085.7       	3.669669e-05
11090.4       	3.669683e-05
11095.1       	3.669698e-05
11099.7       	3.669712e-05
11104.4       	3.669726e-05
11109         	3.669740e-05
11113.7       	3.669754e-05
11118.4       	3.669768e-05
11123         	3.669782e-05
11127.7       	3.669796e-05
11132.3       	3.669811e-05
11137         	3.669825e-05
11141.7       	3.669839e-05
11146.3       	3.669853e-05
11151         	3.669867e-05
11155.6       	3.669881e-05
11160.3       	3.669895e-05
11165         	3.669909e-05
11169.6       	3.669923e-05
11174.3       	3.669937e-05
11178.9       	3.669951e-05
11183.6       	3.669965e-05
11188.3       	3.669979e-05
11192.9       	3.669993e-05
11197.6       	3.670007e-05
11202.2       	3.670022e-05
11206.9       	3.670036e-05
11211.6       	3.670050e-05
11216.2       	3.670064e-05
11220.9       	3.670078e-05
11225.5       	3.670092e-05
11230.2       	3.670106e-05
11234.9       	3.670120e-05
11239.5       	3.670133e-05
11244.2       	3.670147e-05
11248.8       	3.670161e-05
11253.5       	3.670175e-05
11258.2       	3.670189e-05
11262.8       	3.670203e-05
11267.5       	3.670217e-05
11272.1       	3.670231e-05
11276.8       	3.670245e-05
11281.5       	3.670259e-05
11286.1       	3.670273e-05
11290.8       	3.670287e-05
11295.4       	3.670301e-05
11300.1       	3.670315e-05
11304.8       	3.670329e-05
11309.4       	3.670342e-05
11314.1       	3.670356e-05
11318.7       	3.670370e-05
11323.4       	3.670384e-05
11328.1       	3.670398e-05
11332.7       	3.670412e-05
11337.4       	3.670426e-05
11342         	3.670439e-05
11346.7       	3.670453e-05
11351.4       	3.670467e-05
11356         	3.670481e-05
11360.7       	3.670495e-05
11365.3       	3.670509e-05
11370         	3.670522e-05
11374.7       	3.670536e-05
11379.3       	3.670550e-05
11384         	3.670564e-05
11388.6       	3.670577e-05
11393.3       	3.670591e-05
11397.9       	3.670605e-05
11402.6       	3.670619e-05
11407.3       	3.670633e-05
11411.9       	3.670646e-05
11416.6       	3.670660e-05
11421.2       	3.670674e-05
11425.9       	3.670688e-05
11430.6       	3.670701e-05
11435.2       	3.670715e-05
11439.9       	3.670729e-05
11444.5       	3.670743e-05
11449.2       	3.670756e-05
11453.9       	3.670770e-05
11458.5       	3.670784e-05
11463.2       	3.670798e-05
11467.8       	3.670811e-05
11472.5       	3.670825e-05
11477.2       	3.670839e-05
11481.8       	3.670852e-05
11486.5       	3.670866e-05
11491.1       	3.670880e-05
11495.8       	3.670893e-05
11500.5       	3.670907e-05
11505.1       	3.670921e-05
11509.8       	3.670934e-05
11514.4       	3.670948e-05
11519.1       	3.670962e-05
11523.8       	3.670975e-05
11528.4       	3.670989e-05
11533.1       	3.671002e-05
11537.7       	3.671016e-05
11542.4       	3.671030e-05
11547.1       	3.671043e-05
11551.7       	3.671057e-05
11556.4       	3.671070e-05
11561         	3.671084e-05
11565.7       	3.671098e-05
11570.4       	3.671111e-05
11575         	3.671125e-05
11579.7       	3.671138e-05
11584.3       	3.671152e-05
11589         	3.671165e-05
11593.7       	3.671179e-05
11598.3       	3.671192e-05
11603         	3.671206e-05
11607.6       	3.671220e-05
11612.3       	3.671233e-05
11617         	3.671247e-05
11621.6       	3.671260e-05
11626.3       	3.671274e-05
11630.9       	3.671287e-05
11635.6       	3.671301e-05
11640.3       	3.671314e-05
11644.9       	3.671328e-05
11649.6       	3.671341e-05
11654.2       	3.671354e-05
11658.9       	3.671368e-05
11663.6       	3.671381e-05
11668.2       	3.671395e-05
11672.9       	3.671408e-05
11677.5       	3.671422e-05
11682.2       	3.671435e-05
11686.9       	3.671449e-05
11691.5       	3.671462e-05
11696.2       	3.671475e-05
11700.8       	3.671489e-05
11705.5       	3.671502e-05
11710.2       	3.671516e-05
11714.8       	3.671529e-05
11719.5       	3.671542e-05
11724.1       	3.671556e-05
11728.8       	3.671569e-05
11733.5       	3.671582e-05
11738.1       	3.671596e-05
11742.8       	3.671609e-05
11747.4       	3.671622e-05
11752.1       	3.671636e-05
11756.8       	3.671649e-05
11761.4       	3.671662e-05
11766.1       	3.671676e-05
11770.7       	3.671689e-05
11775.4       	3.671702e-05
11780.1       	3.671715e-05
11784.7       	3.671729e-05
11789.4       	3.671742e-05
11794         	3.671755e-05
11798.7       	3.671768e-05
11803.4       	3.671782e-05
11808         	3.671795e-05
11812.7       	3.671808e-05
11817.3       	3.671821e-05
11822         	3.671834e-05
11826.7       	3.671848e-05
11831.3       	3.671861e-05
11836         	3.671874e-05
11840.6       	3.671887e-05
11845.3       	3.671900e-05
11850         	3.671914e-05
11854.6       	3.671927e-05
11859.3       	3.671940e-05
11863.9       	3.671953e-05
11868.6       	3.671966e-05
11873.3       	3.671979e-05
11877.9       	3.671992e-05
11882.6       	3.672005e-05
11887.2       	3.672019e-05
11891.9       	3.672032e-05
11896.6       	3.672045e-05
11901.2       	3.672058e-05
11905.9       	3.672071e-05
11910.5       	3.672084e-05
11915.2       	3.672097e-05
11919.9       	3.672110e-05
11924.5       	3.672123e-05
11929.2       	3.672136e-05
11933.8       	3.672149e-05
11938.5       	3.672162e-05
11943.2       	3.672175e-05
11947.8       	3.672188e-05
11952.5       	3.672201e-05
11957.1       	3.672214e-05
11961.8       	3.672227e-05
11966.4       	3.672240e-05
11971.1       	3.672253e-05
11975.8       	3.672266e-05
11980.4       	3.672279e-05
11985.1       	3.672292e-05
11989.7       	3.672305e-05
11994.4       	3.672318e-05
11999.1       	3.672331e-05
12003.7       	3.672344e-05
12008.4       	3.672357e-05
12013         	3.672370e-05
12017.7       	3.672382e-05
12022.4       	3.672395e-05
12027         	3.672408e-05
12031.7       	3.672421e-05
12036.3       	3.672434e-05
12041         	3.672447e-05
12045.7       	3.672460e-05
12050.3       	3.672472e-05
12055         	3.672485e-05
12059.6       	3.672498e-05
12064.3       	3.672511e-05
12069         	3.672524e-05
12073.6       	3.672536e-05
12078.3       	3.672549e-05
12082.9       	3.672562e-05
12087.6       	3.672575e-05
12092.3       	3.672587e-05
12096.9       	3.672600e-05
12101.6       	3.672613e-05
12106.2       	3.672626e-05
12110.9       	3.672638e-05
12115.6       	3.672651e-05
12120.2       	3.672664e-05
12124.9       	3.672677e-05
12129.5       	3.672689e-05
12134.2       	3.672702e-05
12138.9       	3.672715e-05
12143.5       	3.672727e-05
12148.2       	3.672740e-05
12152.8       	3.672752e-05
12157.5       	3.672765e-05
12162.2       	3.672778e-05
12166.8       	3.672790e-05
12171.5       	3.672803e-05
12176.1       	3.672816e-05
12180.8       	3.672828e-05
12185.5       	3.672841e-05
12190.1       	3.672853e-05
12194.8       	3.672866e-05
12199.4       	3.672878e-05
12204.1       	3.672891e-05
12208.8       	3.672903e-05
12213.4       	3.672916e-05
12218.1       	3.672928e-05
12222.7       	3.672941e-05
12227.4       	3.672953e-05
12232.1       	3.672966e-05
12236.7       	3.672978e-05
12241.4       	3.672991e-05
12246         	3.673003e-05
12250.7       	3.673016e-05
12255.4       	3.673028e-05
12260         	3.673040e-05
12264.7       	3.673053e-05
12269.3       	3.673065e-05
12274         	3.673078e-05
12278.7       	3.673090e-05
12283.3       	3.673102e-05
12288         	3.673115e-05
12292.6       	3.673127e-05
12297.3       	3.673139e-05
12302         	3.673152e-05
12306.6       	3.673164e-05
12311.3       	3.673176e-05
12315.9       	3.673188e-05
12320.6       	3.673201e-05
12325.3       	3.673213e-05
12329.9       	3.673225e-05
12334.6       	3.673237e-05
12339.2       	3.673250e-05
12343.9       	3.673262e-05
12348.6       	3.673274e-05
12353.2       	3.673286e-05
12357.9       	3.673298e-05
12362.5       	3.673311e-05
12367.2       	3.673323e-05
12371.9       	3.673335e-05
12376.5       	3.673347e-05
12381.2       	3.673359e-05
12385.8       	3.673371e-05
12390.5       	3.673383e-05
12395.2       	3.673396e-05
12399.8       	3.673408e-05
12404.5       	3.673420e-05
12409.1       	3.673432e-05
12413.8       	3.673444e-05
12418.5       	3.673456e-05
12423.1       	3.673468e-05
12427.8       	3.673480e-05
12432.4       	3.673492e-05
12437.1       	3.673504e-05
12441.8       	3.673516e-05
12446.4       	3.673528e-05
12451.1       	3.673540e-05
12455.7       	3.673552e-05
12460.4       	3.673564e-05
12465.1       	3.673575e-05
12469.7       	3.673587e-05
12474.4       	3.673599e-05
12479         	3.673611e-05
12483.7       	3.673623e-05
12488.4       	3.673635e-05
12493         	3.673647e-05
12497.7       	3.673659e-05
12502.3       	3.673670e-05
12507         	3.673682e-05
12511.6       	3.673694e-05
12516.3       	3.673706e-05
12521         	3.673718e-05
12525.6       	3.673729e-05
12530.3       	3.673741e-05
12534.9       	3.673753e-05
12539.6       	3.673765e-05
12544.3       	3.673776e-05
12548.9       	3.673788e-05
12553.6       	3.673800e-05
12558.2       	3.673811e-05
12562.9       	3.673823e-05
12567.6       	3.673835e-05
12572.2       	3.673846e-05
12576.9       	3.673858e-05
12581.5       	3.673870e-05
12586.2       	3.673881e-05
12590.9       	3.673893e-05
12595.5       	3.673905e-05
12600.2       	3.673916e-05
12604.8       	3.673928e-05
12609.5       	3.673939e-05
12614.2       	3.673951e-05
12618.8       	3.673962e-05
12623.5       	3.673974e-05
12628.1       	3.673985e-05
12632.8       	3.673997e-05
12637.5       	3.674008e-05
12642.1       	3.674020e-05
12646.8       	3.674031e-05
12651.4       	3.674043e-05
12656.1       	3.674054e-05
12660.8       	3.674065e-05
12665.4       	3.674077e-05
12670.1       	3.674088e-05
12674.7       	3.674099e-05
12679.4       	3.674111e-05
12684.1       	3.674122e-05
12688.7       	3.674134e-05
12693.4       	3.674145e-05
12698         	3.674156e-05
12702.7       	3.674167e-05
12707.4       	3.674179e-05
12712         	3.674190e-05
12716.7       	3.674201e-05
12721.3       	3.674212e-05
12726         	3.674224e-05
12730.7       	3.674235e-05
12735.3       	3.674246e-05
12740         	3.674257e-05
12744.6       	3.674268e-05
12749.3       	3.674280e-05
12754         	3.674291e-05
12758.6       	3.674302e-05
12763.3       	3.674313e-05
12767.9       	3.674324e-05
12772.6       	3.674335e-05
12777.3       	3.674346e-05
12781.9       	3.674357e-05
12786.6       	3.674368e-05
12791.2       	3.674379e-05
12795.9       	3.674390e-05
12800.6       	3.674401e-05
12805.2       	3.674412e-05
12809.9       	3.674423e-05
12814.5       	3.674434e-05
12819.2       	3.674445e-05
12823.9       	3.674456e-05
12828.5       	3.674467e-05
12833.2       	3.674478e-05
12837.8       	3.674489e-05
12842.5       	3.674500e-05
12847.2       	3.674511e-05
12851.8       	3.674522e-05
12856.5       	3.674533e-05
12861.1       	3.674544e-05
12865.8       	3.674554e-05
12870.5       	3.674565e-05
12875.1       	3.674576e-05
12879.8       	3.674587e-05
12884.4       	3.674598e-05
12889.1       	3.674608e-05
12893.8       	3.674619e-05
12898.4       	3.674630e-05
12903.1       	3.674641e-05
12907.7       	3.674651e-05
12912.4       	3.674662e-05
12917.1       	3.674673e-05
12921.7       	3.674683e-05
12926.4       	3.674694e-05
12931         	3.674705e-05
12935.7       	3.674715e-05
12940.4       	3.674726e-05
12945         	3.674736e-05
12949.7       	3.674747e-05
12954.3       	3.674758e-05
12959         	3.674768e-05
12963.7       	3.674779e-05
12968.3       	3.674789e-05
12973         	3.674800e-05
12977.6       	3.674810e-05
12982.3       	3.674821e-05
12987         	3.674831e-05
12991.6       	3.674842e-05
12996.3       	3.674852e-05
13000.9       	3.674863e-05
13005.6       	3.674873e-05
13010.3       	3.674883e-05
13014.9       	3.674894e-05
13019.6       	3.674904e-05
13024.2       	3.674914e-05
13028.9       	3.674925e-05
13033.6       	3.674935e-05
13038.2       	3.674946e-05
13042.9       	3.674956e-05
13047.5       	3.674966e-05
13052.2       	3.674976e-05
13056.8       	3.674987e-05
13061.5       	3.674997e-05
13066.2       	3.675007e-05
13070.8       	3.675017e-05
13075.5       	3.675028e-05
13080.1       	3.675038e-05
13084.8       	3.675048e-05
13089.5       	3.675058e-05
13094.1       	3.675068e-05
13098.8       	3.675079e-05
13103.4       	3.675089e-05
13108.1       	3.675099e-05
13112.8       	3.675109e-05
13117.4       	3.675119e-05
13122.1       	3.675129e-05
13122.1       	3.675129e-05
